##@@&&
2222
$$$DELETEALLWARES
$$$DELETEALLBARCODES
$$$DELETEALLASPECTSCHMS
$$$DELETEALLASPECTS
$$$DELETEALLASPECTVALUES
$$$ADDASPECTSCHMS
1;Характеристики;Характеристики;
$$$ADDASPECTS
1;1;Характеристики;Характеристики;
$$$ADDTAXRATES
1;НДС 0%;НДС 0%;0;0;
2;НДС 10%;НДС 10%;0;10;
3;НДС 18%;НДС 18%;0;18;
4;НДС 20%;НДС 20%;0;20;
$$$ADDTAXGROUPS
1;НДС 0%;НДС 0%;
$$$ADDTAXGROUPRATES
1;1;1;0;
$$$ADDTAXGROUPS
2;НДС 10%;НДС 10%;
$$$ADDTAXGROUPRATES
1;2;2;0;
$$$ADDTAXGROUPS
3;НДС 18%;НДС 18%;
$$$ADDTAXGROUPRATES
1;3;3;0;
$$$ADDTAXGROUPS
4;НДС 20%;НДС 20%;
$$$ADDTAXGROUPRATES
1;4;4;0;

$$$ADDASPECTVALUES

$$$REPLACEQUANTITY
429;;Сертификаты;Сертификаты;0;;;0,1,1,1,1,1,1,1,1,0,1,0,0,1,0;;;;1;;;;;0;;;;;;;;;;;;;;;;;;;;;;;;;;;;;;;;;;;;;;0;0;;;;
430;;Сертификат 300 руб.;Сертификат 300 руб.;300;0;;0,1,1,1,1,1,1,1,1,0,1,0,0,1,0;300;;;1;;;;429;1;;;;;;1;;;300;;;;;;;;;;;;;;;;;;;;;;;;;;;;;0;0;;;;
431;;Сертификат 500 руб.;Сертификат 500 руб.;500;0;;0,1,1,1,1,1,1,1,1,0,1,0,0,1,0;500;;;1;;;;429;1;;;;;;1;;;500;;;;;;;;;;;;;;;;;;;;;;;;;;;;;0;0;;;;
432;;Сертификат 1000 руб.;Сертификат 1000 руб.;1000;0;;0,1,1,1,1,1,1,1,1,0,1,0,0,1,0;1000;;;1;;;;429;1;;;;;;1;;;1000;;;;;;;;;;;;;;;;;;;;;;;;;;;;;0;0;;;;
1;;Готовая продукция;Готовая продукция;0;;;0,1,1,1,1,1,1,1,1,0,1,0,0,1,0;;;;1;;;;;0;;;;;;;;;;;;;;;;;;;;;;;;;;;;;;;;;;;;;;0;0;;;;
825;;Лапша;Лапша;0;;;0,1,1,1,1,1,1,1,1,0,1,0,0,1,0;;;;1;;;;1;0;;;;;;;;;;;;;;;;;;;;;;;;;;;;;;;;;;;;;;0;0;;;;
836;;Удон большая порция;Удон большая порция;169;0;;0,1,1,1,1,1,1,1,1,0,1,0,0,1,0;169;;;1;;;;825;1;;;;;;1;;;310;;;;;;;;;;;;;;;;;;;;;;;;;;;;;0;0;;;;
837;;Удон маленькая порция;Удон маленькая порция;119;0;;0,1,1,1,1,1,1,1,1,0,1,0,0,1,0;119;;;1;;;;825;1;;;;;;1;;;311;;;;;;;;;;;;;;;;;;;;;;;;;;;;;0;0;;;;
838;;Курятина жар.к лапше;Курятина жар.к лапше;40;0;;0,1,1,1,1,1,1,1,1,0,1,0,0,1,0;40;;;1;;;;825;1;;;;;;1;;;312;;;;;;;;;;;;;;;;;;;;;;;;;;;;;0;0;;;;
839;;Свинина жар. к лапше;Свинина жар. к лапше;60;0;;0,1,1,1,1,1,1,1,1,0,1,0,0,1,0;60;;;1;;;;825;1;;;;;;1;;;313;;;;;;;;;;;;;;;;;;;;;;;;;;;;;0;0;;;;
840;;Грибы жар. к лапше;Грибы жар. к лапше;30;0;;0,1,1,1,1,1,1,1,1,0,1,0,0,1,0;30;;;1;;;;825;1;;;;;;1;;;314;;;;;;;;;;;;;;;;;;;;;;;;;;;;;0;0;;;;
841;;Кальмары жар.к лапше;Кальмары жар.к лапше;50;0;;0,1,1,1,1,1,1,1,1,0,1,0,0,1,0;50;;;1;;;;825;1;;;;;;1;;;315;;;;;;;;;;;;;;;;;;;;;;;;;;;;;0;0;;;;
842;;Лосось жар.к лапше;Лосось жар.к лапше;120;0;;0,1,1,1,1,1,1,1,1,0,1,0,0,1,0;120;;;1;;;;825;1;;;;;;1;;;316;;;;;;;;;;;;;;;;;;;;;;;;;;;;;0;0;;;;
843;;Бекон жар.к лапше;Бекон жар.к лапше;40;0;;0,1,1,1,1,1,1,1,1,0,1,0,0,1,0;40;;;1;;;;825;1;;;;;;1;;;317;;;;;;;;;;;;;;;;;;;;;;;;;;;;;0;0;;;;
845;;Кисло-сладкий к лапше;Кисло-сладкий к лапше;1;0;;0,1,1,1,1,1,1,1,1,0,1,0,0,1,0;1;;;1;;;;825;1;;;;;;1;;;319;;;;;;;;;;;;;;;;;;;;;;;;;;;;;0;0;;;;
847;;Сливочный к лапше;Сливочный к лапше;1;0;;0,1,1,1,1,1,1,1,1,0,1,0,0,1,0;1;;;1;;;;825;1;;;;;;1;;;321;;;;;;;;;;;;;;;;;;;;;;;;;;;;;0;0;;;;
848;;Терияки к лапше;Терияки к лапше;1;0;;0,1,1,1,1,1,1,1,1,0,1,0,0,1,0;1;;;1;;;;825;1;;;;;;1;;;322;;;;;;;;;;;;;;;;;;;;;;;;;;;;;0;0;;;;
853;;Креветки к лапше;Креветки к лапше;135;0;;0,1,1,1,1,1,1,1,1,0,1,0,0,1,0;135;;;1;;;;825;1;;;;;;1;;;323;;;;;;;;;;;;;;;;;;;;;;;;;;;;;0;0;;;;
855;;Сладкий чили к лапше;Сладкий чили к лапше;1;0;;0,1,1,1,1,1,1,1,1,0,1,0,0,1,0;1;;;1;;;;825;1;;;;;;1;;;325;;;;;;;;;;;;;;;;;;;;;;;;;;;;;0;0;;;;
858;;Омлет к лапше;Омлет к лапше;20;0;;0,1,1,1,1,1,1,1,1,0,1,0,0,1,0;20;;;1;;;;825;1;;;;;;1;;;328;;;;;;;;;;;;;;;;;;;;;;;;;;;;;0;0;;;;
869;;Овощи жар. к лапше;Овощи жар. к лапше;20;0;;0,1,1,1,1,1,1,1,1,0,1,0,0,1,0;20;;;1;;;;825;1;;;;;;1;;;329;;;;;;;;;;;;;;;;;;;;;;;;;;;;;0;0;;;;
903;;Салат "Цезарь";Салат "Цезарь";110;0;;0,1,1,1,1,1,1,1,1,0,1,0,0,1,0;110;;;1;;;;825;1;;;;;;1;;;121;;;;;;;;;;;;;;;;;;;;;;;;;;;;;0;0;;;;
914;;Салат "Маритайм";Салат "Маритайм";120;0;;0,1,1,1,1,1,1,1,1,0,1,0,0,1,0;120;;;1;;;;825;1;;;;;;1;;;122;;;;;;;;;;;;;;;;;;;;;;;;;;;;;0;0;;;;
915;;Салат "Хот Веган";Салат "Хот Веган";80;0;;0,1,1,1,1,1,1,1,1,0,1,0,0,1,0;80;;;1;;;;825;1;;;;;;1;;;123;;;;;;;;;;;;;;;;;;;;;;;;;;;;;0;0;;;;
956;;Лапша рисовая Большая;Лапша рисовая Большая;169;0;;0,1,1,1,1,1,1,1,1,0,1,0,0,1,0;169;;;1;;;;825;1;;;;;;1;;;341;;;;;;;;;;;;;;;;;;;;;;;;;;;;;0;0;;;;
957;;Лапша рисовая Маленькая;Лапша рисовая Маленькая;119;0;;0,1,1,1,1,1,1,1,1,0,1,0,0,1,0;119;;;1;;;;825;1;;;;;;1;;;332;;;;;;;;;;;;;;;;;;;;;;;;;;;;;0;0;;;;
958;;Лапша яичная Большая;Лапша яичная Большая;169;0;;0,1,1,1,1,1,1,1,1,0,1,0,0,1,0;169;;;1;;;;825;1;;;;;;1;;;333;;;;;;;;;;;;;;;;;;;;;;;;;;;;;0;0;;;;
959;;Лапша яичная Маленькая;Лапша яичная Маленькая;119;0;;0,1,1,1,1,1,1,1,1,0,1,0,0,1,0;119;;;1;;;;825;1;;;;;;1;;;334;;;;;;;;;;;;;;;;;;;;;;;;;;;;;0;0;;;;
960;;Рис большая;Рис большая;169;0;;0,1,1,1,1,1,1,1,1,0,1,0,0,1,0;169;;;1;;;;825;1;;;;;;1;;;335;;;;;;;;;;;;;;;;;;;;;;;;;;;;;0;0;;;;
961;;Рис Маленькая;Рис Маленькая;119;0;;0,1,1,1,1,1,1,1,1,0,1,0,0,1,0;119;;;1;;;;825;1;;;;;;1;;;336;;;;;;;;;;;;;;;;;;;;;;;;;;;;;0;0;;;;
962;;Дополнительный Кисло-сладкий;Дополнительный Кисло-сладкий;30;0;;0,1,1,1,1,1,1,1,1,0,1,0,0,1,0;30;;;1;;;;825;1;;;;;;1;;;337;;;;;;;;;;;;;;;;;;;;;;;;;;;;;0;0;;;;
963;;Дополнительный Терияки;Дополнительный Терияки;30;0;;0,1,1,1,1,1,1,1,1,0,1,0,0,1,0;30;;;1;;;;825;1;;;;;;1;;;338;;;;;;;;;;;;;;;;;;;;;;;;;;;;;0;0;;;;
964;;Дополнительный Сливочный;Дополнительный Сливочный;30;0;;0,1,1,1,1,1,1,1,1,0,1,0,0,1,0;30;;;1;;;;825;1;;;;;;1;;;339;;;;;;;;;;;;;;;;;;;;;;;;;;;;;0;0;;;;
965;;Дополнительный Сладкий чили;Дополнительный Сладкий чили;30;0;;0,1,1,1,1,1,1,1,1,0,1,0,0,1,0;30;;;1;;;;825;1;;;;;;1;;;340;;;;;;;;;;;;;;;;;;;;;;;;;;;;;0;0;;;;
826;;Супы;Супы;0;;;0,1,1,1,1,1,1,1,1,0,1,0,0,1,0;;;;1;;;;1;0;;;;;;;;;;;;;;;;;;;;;;;;;;;;;;;;;;;;;;0;0;;;;
861;;Суп кимчи;Суп кимчи;99;0;;0,1,1,1,1,1,1,1,1,0,1,0,0,1,0;99;;;1;;;;826;1;;;;;;1;;;431;;;;;;;;;;;;;;;;;;;;;;;;;;;;;0;0;;;;
862;;Суп с лапшой;Суп с лапшой;99;0;;0,1,1,1,1,1,1,1,1,0,1,0,0,1,0;99;;;1;;;;826;1;;;;;;1;;;432;;;;;;;;;;;;;;;;;;;;;;;;;;;;;0;0;;;;
886;;Бульон овощной;Бульон овощной;45;0;;0,1,1,1,1,1,1,1,1,0,1,0,0,1,0;45;;;1;;;;826;1;;;;;;1;;;439;;;;;;;;;;;;;;;;;;;;;;;;;;;;;0;0;;;;
887;;Бульон мясной;Бульон мясной;45;0;;0,1,1,1,1,1,1,1,1,0,1,0,0,1,0;45;;;1;;;;826;1;;;;;;1;;;440;;;;;;;;;;;;;;;;;;;;;;;;;;;;;0;0;;;;
484;;Сеты;Сеты;0;;;0,1,1,1,1,1,1,1,1,0,1,0,0,1,0;;;;1;;;;1;0;;;;;;;;;;;;;;;;;;;;;;;;;;;;;;;;;;;;;;0;0;;;;
977;;Набор Мидл Унаги;Набор Мидл Унаги;389;0;;0,1,1,1,1,1,1,1,1,0,1,0,0,1,0;389;;;1;;;;484;1;;;;;;1;;;528;;;;;;;;;;;;;;;;;;;;;;;;;;;;;0;0;;;;
968;;Набор Юми;Набор Юми;255;0;;0,1,1,1,1,1,1,1,1,0,1,0,0,1,0;255;;;1;;;;484;1;;;;;;1;;;523;;;;;;;;;;;;;;;;;;;;;;;;;;;;;0;0;;;;
969;;Набор Мидл Сяке;Набор Мидл Сяке;361;0;;0,1,1,1,1,1,1,1,1,0,1,0,0,1,0;361;;;1;;;;484;1;;;;;;1;;;524;;;;;;;;;;;;;;;;;;;;;;;;;;;;;0;0;;;;
970;;Набор Стайл;Набор Стайл;245;0;;0,1,1,1,1,1,1,1,1,0,1,0,0,1,0;245;;;1;;;;484;1;;;;;;1;;;525;;;;;;;;;;;;;;;;;;;;;;;;;;;;;0;0;;;;
971;;Набор Сакура- Пати;Набор Сакура- Пати;451;0;;0,1,1,1,1,1,1,1,1,0,1,0,0,1,0;451;;;1;;;;484;1;;;;;;1;;;526;;;;;;;;;;;;;;;;;;;;;;;;;;;;;0;0;;;;
972;;Набор Вегас;Набор Вегас;520;0;;0,1,1,1,1,1,1,1,1,0,1,0,0,1,0;520;;;1;;;;484;1;;;;;;1;;;527;;;;;;;;;;;;;;;;;;;;;;;;;;;;;0;0;;;;
23;;Cуши и роллы;Cуши и роллы;0;;;0,1,1,1,1,1,1,1,1,0,1,0,0,1,0;;;;1;;;;1;0;;;;;;;;;;;;;;;;;;;;;;;;;;;;;;;;;;;;;;0;0;;;;
978;;Икари спешиал;Икари спешиал;22;0;;0,1,1,1,1,1,1,1,1,0,1,0,0,1,0;22;;;1;;;;23;1;;;;;;1;;;139;;;;;;;;;;;;;;;;;;;;;;;;;;;;;0;0;;;;
986;;Фудзи мини;Фудзи мини;14;0;;0,1,1,1,1,1,1,1,1,0,1,0,0,1,0;14;;;1;;;;23;1;;;;;;1;;;243;;;;;;;;;;;;;;;;;;;;;;;;;;;;;0;0;;;;
987;;Хияши мини;Хияши мини;14;0;;0,1,1,1,1,1,1,1,1,0,1,0,0,1,0;14;;;1;;;;23;1;;;;;;1;;;244;;;;;;;;;;;;;;;;;;;;;;;;;;;;;0;0;;;;
988;;Хинкей мини;Хинкей мини;14;0;;0,1,1,1,1,1,1,1,1,0,1,0,0,1,0;14;;;1;;;;23;1;;;;;;1;;;245;;;;;;;;;;;;;;;;;;;;;;;;;;;;;0;0;;;;
989;;Спайдер мини;Спайдер мини;14;0;;0,1,1,1,1,1,1,1,1,0,1,0,0,1,0;14;;;1;;;;23;1;;;;;;1;;;246;;;;;;;;;;;;;;;;;;;;;;;;;;;;;0;0;;;;
990;;Годзилла мини;Годзилла мини;25;0;;0,1,1,1,1,1,1,1,1,0,1,0,0,1,0;25;;;1;;;;23;1;;;;;;1;;;247;;;;;;;;;;;;;;;;;;;;;;;;;;;;;0;0;;;;
991;;Фьюжн Филадельфия мини;Фьюжн Филадельфия мини;28;0;;0,1,1,1,1,1,1,1,1,0,1,0,0,1,0;28;;;1;;;;23;1;;;;;;1;;;248;;;;;;;;;;;;;;;;;;;;;;;;;;;;;0;0;;;;
992;;Аригато мини;Аригато мини;13;0;;0,1,1,1,1,1,1,1,1,0,1,0,0,1,0;13;;;1;;;;23;1;;;;;;1;;;249;;;;;;;;;;;;;;;;;;;;;;;;;;;;;0;0;;;;
993;;Нику рёру мини;Нику рёру мини;12;0;;0,1,1,1,1,1,1,1,1,0,1,0,0,1,0;12;;;1;;;;23;1;;;;;;1;;;251;;;;;;;;;;;;;;;;;;;;;;;;;;;;;0;0;;;;
994;;Литл пигги мини;Литл пигги мини;13;0;;0,1,1,1,1,1,1,1,1,0,1,0,0,1,0;13;;;1;;;;23;1;;;;;;1;;;252;;;;;;;;;;;;;;;;;;;;;;;;;;;;;0;0;;;;
995;;Рони мини;Рони мини;37;0;;0,1,1,1,1,1,1,1,1,0,1,0,0,1,0;37;;;1;;;;23;1;;;;;;1;;;250;;;;;;;;;;;;;;;;;;;;;;;;;;;;;0;0;;;;
561;;Анаконда;Анаконда;42;0;;0,1,1,1,1,1,1,1,1,0,1,0,0,1,0;42;;;1;;;;23;1;;;;;;1;;;89;;;;;;;;;;;;;;;;;;;;;;;;;;;;;0;0;;;;
562;;Эби сарада;Эби сарада;34;0;;0,1,1,1,1,1,1,1,1,0,1,0,0,1,0;34;;;1;;;;23;1;;;;;;1;;;100;;;;;;;;;;;;;;;;;;;;;;;;;;;;;0;0;;;;
564;;Ред Дог;Ред Дог;24;0;;0,1,1,1,1,1,1,1,1,0,1,0,0,1,0;24;;;1;;;;23;1;;;;;;1;;;94;;;;;;;;;;;;;;;;;;;;;;;;;;;;;0;0;;;;
565;;Ред спайс туна;Ред спайс туна;42;0;;0,1,1,1,1,1,1,1,1,0,1,0,0,1,0;42;;;1;;;;23;1;;;;;;1;;;95;;;;;;;;;;;;;;;;;;;;;;;;;;;;;0;0;;;;
567;;Литл пигги;Литл пигги;20;0;;0,1,1,1,1,1,1,1,1,0,1,0,0,1,0;20;;;1;;;;23;1;;;;;;1;;;93;;;;;;;;;;;;;;;;;;;;;;;;;;;;;0;0;;;;
572;;Джитсу ролл;Джитсу ролл;28;0;;0,1,1,1,1,1,1,1,1,0,1,0,0,1,0;28;;;1;;;;23;1;;;;;;1;;;91;;;;;;;;;;;;;;;;;;;;;;;;;;;;;0;0;;;;
573;;Тайгер ролл;Тайгер ролл;40;0;;0,1,1,1,1,1,1,1,1,0,1,0,0,1,0;40;;;1;;;;23;1;;;;;;1;;;98;;;;;;;;;;;;;;;;;;;;;;;;;;;;;0;0;;;;
574;;Спайдер;Спайдер;18;0;;0,1,1,1,1,1,1,1,1,0,1,0,0,1,0;18;;;1;;;;23;1;;;;;;1;;;97;;;;;;;;;;;;;;;;;;;;;;;;;;;;;0;0;;;;
585;;Текка маки;Текка маки;25;0;;0,1,1,1,1,1,1,1,1,0,1,0,0,1,0;25;;;1;;;;23;1;;;;;;1;;;99;;;;;;;;;;;;;;;;;;;;;;;;;;;;;0;0;;;;
71;;Арамаки;Арамаки;45;0;;0,1,1,1,1,1,1,1,1,0,1,0,0,1,0;45;;;1;;;;23;1;;;;;;1;;;58;;;;;;;;;;;;;;;;;;;;;;;;;;;;;0;0;;;;
73;;Бонито;Бонито;24;0;;0,1,1,1,1,1,1,1,1,0,1,0,0,1,0;24;;;1;;;;23;1;;;;;;1;;;46;;;;;;;;;;;;;;;;;;;;;;;;;;;;;0;0;;;;
74;;Бусидо;Бусидо;36;0;;0,1,1,1,1,1,1,1,1,0,1,0,0,1,0;36;;;1;;;;23;1;;;;;;1;;;45;;;;;;;;;;;;;;;;;;;;;;;;;;;;;0;0;;;;
77;;Вулкан;Вулкан;12;0;;0,1,1,1,1,1,1,1,1,0,1,0,0,1,0;12;;;1;;;;23;1;;;;;;1;;;37;;;;;;;;;;;;;;;;;;;;;;;;;;;;;0;0;;;;
80;;Кайосо маки;Кайосо маки;25;0;;0,1,1,1,1,1,1,1,1,0,1,0,0,1,0;25;;;1;;;;23;1;;;;;;1;;;54;;;;;;;;;;;;;;;;;;;;;;;;;;;;;0;0;;;;
81;;Калифорния;Калифорния;42;0;;0,1,1,1,1,1,1,1,1,0,1,0,0,1,0;42;;;1;;;;23;1;;;;;;1;;;19;;;;;;;;;;;;;;;;;;;;;;;;;;;;;0;0;;;;
83;;Каппа маки;Каппа маки;9;0;;0,1,1,1,1,1,1,1,1,0,1,0,0,1,0;9;;;1;;;;23;1;;;;;;1;;;13;;;;;;;;;;;;;;;;;;;;;;;;;;;;;0;0;;;;
84;;Киото;Киото;52;0;;0,1,1,1,1,1,1,1,1,0,1,0,0,1,0;52;;;1;;;;23;1;;;;;;1;;;28;;;;;;;;;;;;;;;;;;;;;;;;;;;;;0;0;;;;
85;;Кои;Кои;27;0;;0,1,1,1,1,1,1,1,1,0,1,0,0,1,0;27;;;1;;;;23;1;;;;;;1;;;43;;;;;;;;;;;;;;;;;;;;;;;;;;;;;0;0;;;;
90;;Лава ролл;Лава ролл;28;0;;0,1,1,1,1,1,1,1,1,0,1,0,0,1,0;28;;;1;;;;23;1;;;;;;1;;;60;;;;;;;;;;;;;;;;;;;;;;;;;;;;;0;0;;;;
91;;Нихон маки;Нихон маки;32;0;;0,1,1,1,1,1,1,1,1,0,1,0,0,1,0;32;;;1;;;;23;1;;;;;;1;;;15;;;;;;;;;;;;;;;;;;;;;;;;;;;;;0;0;;;;
95;;Ринго;Ринго;32;0;;0,1,1,1,1,1,1,1,1,0,1,0,0,1,0;32;;;1;;;;23;1;;;;;;1;;;63;;;;;;;;;;;;;;;;;;;;;;;;;;;;;0;0;;;;
96;;Рони ролл;Рони ролл;43;0;;0,1,1,1,1,1,1,1,1,0,1,0,0,1,0;43;;;1;;;;23;1;;;;;;1;;;64;;;;;;;;;;;;;;;;;;;;;;;;;;;;;0;0;;;;
100;;Сяке;Сяке;48;0;;0,1,1,1,1,1,1,1,1,0,1,0,0,1,0;48;;;1;;;;23;1;;;;;;1;;;7;;;;;;;;;;;;;;;;;;;;;;;;;;;;;0;0;;;;
101;;Сяке хосомаки;Сяке хосомаки;27;0;;0,1,1,1,1,1,1,1,1,0,1,0,0,1,0;27;;;1;;;;23;1;;;;;;1;;;11;;;;;;;;;;;;;;;;;;;;;;;;;;;;;0;0;;;;
102;;Тамаго маки;Тамаго маки;32;0;;0,1,1,1,1,1,1,1,1,0,1,0,0,1,0;32;;;1;;;;23;1;;;;;;1;;;21;;;;;;;;;;;;;;;;;;;;;;;;;;;;;0;0;;;;
104;;Текка;Текка;44;0;;0,1,1,1,1,1,1,1,1,0,1,0,0,1,0;44;;;1;;;;23;1;;;;;;1;;;8;;;;;;;;;;;;;;;;;;;;;;;;;;;;;0;0;;;;
106;;Томато хосомаки;Томато хосомаки;12;0;;0,1,1,1,1,1,1,1,1,0,1,0,0,1,0;12;;;1;;;;23;1;;;;;;1;;;29;;;;;;;;;;;;;;;;;;;;;;;;;;;;;0;0;;;;
108;;Унаги;Унаги;70;0;;0,1,1,1,1,1,1,1,1,0,1,0,0,1,0;70;;;1;;;;23;1;;;;;;1;;;10;;;;;;;;;;;;;;;;;;;;;;;;;;;;;0;0;;;;
109;;Унаги Филадельфия;Унаги Филадельфия;52;0;;0,1,1,1,1,1,1,1,1,0,1,0,0,1,0;52;;;1;;;;23;1;;;;;;1;;;20;;;;;;;;;;;;;;;;;;;;;;;;;;;;;0;0;;;;
110;;Унаги хосомаки;Унаги хосомаки;44;0;;0,1,1,1,1,1,1,1,1,0,1,0,0,1,0;44;;;1;;;;23;1;;;;;;1;;;14;;;;;;;;;;;;;;;;;;;;;;;;;;;;;0;0;;;;
111;;Филадельфия;Филадельфия;45;0;;0,1,1,1,1,1,1,1,1,0,1,0,0,1,0;45;;;1;;;;23;1;;;;;;1;;;18;;;;;;;;;;;;;;;;;;;;;;;;;;;;;0;0;;;;
113;;Фудзи;Фудзи;20;0;;0,1,1,1,1,1,1,1,1,0,1,0,0,1,0;20;;;1;;;;23;1;;;;;;1;;;36;;;;;;;;;;;;;;;;;;;;;;;;;;;;;0;0;;;;
114;;Хана маки;Хана маки;30;0;;0,1,1,1,1,1,1,1,1,0,1,0,0,1,0;30;;;1;;;;23;1;;;;;;1;;;17;;;;;;;;;;;;;;;;;;;;;;;;;;;;;0;0;;;;
115;;Хикари;Хикари;22;0;;0,1,1,1,1,1,1,1,1,0,1,0,0,1,0;22;;;1;;;;23;1;;;;;;1;;;65;;;;;;;;;;;;;;;;;;;;;;;;;;;;;0;0;;;;
117;;Хияши маки;Хияши маки;15;0;;0,1,1,1,1,1,1,1,1,0,1,0,0,1,0;15;;;1;;;;23;1;;;;;;1;;;67;;;;;;;;;;;;;;;;;;;;;;;;;;;;;0;0;;;;
120;;Эби;Эби;50;0;;0,1,1,1,1,1,1,1,1,0,1,0,0,1,0;50;;;1;;;;23;1;;;;;;1;;;9;;;;;;;;;;;;;;;;;;;;;;;;;;;;;0;0;;;;
124;;Ясай маки;Ясай маки;14;0;;0,1,1,1,1,1,1,1,1,0,1,0,0,1,0;14;;;1;;;;23;1;;;;;;1;;;16;;;;;;;;;;;;;;;;;;;;;;;;;;;;;0;0;;;;
125;;Яххо;Яххо;30;0;;0,1,1,1,1,1,1,1,1,0,1,0,0,1,0;30;;;1;;;;23;1;;;;;;1;;;71;;;;;;;;;;;;;;;;;;;;;;;;;;;;;0;0;;;;
140;;Годзилла;Годзилла;44;0;;0,1,1,1,1,1,1,1,1,0,1,0,0,1,0;44;;;1;;;;23;1;;;;;;1;;;22;;;;;;;;;;;;;;;;;;;;;;;;;;;;;0;0;;;;
143;;Хотатэ маки;Хотатэ маки;34;0;;0,1,1,1,1,1,1,1,1,0,1,0,0,1,0;34;;;1;;;;23;1;;;;;;1;;;24;;;;;;;;;;;;;;;;;;;;;;;;;;;;;0;0;;;;
144;;Чизу маки;Чизу маки;23;0;;0,1,1,1,1,1,1,1,1,0,1,0,0,1,0;23;;;1;;;;23;1;;;;;;1;;;47;;;;;;;;;;;;;;;;;;;;;;;;;;;;;0;0;;;;
146;;Хатаки;Хатаки;36;0;;0,1,1,1,1,1,1,1,1,0,1,0,0,1,0;36;;;1;;;;23;1;;;;;;1;;;35;;;;;;;;;;;;;;;;;;;;;;;;;;;;;0;0;;;;
149;;Икари;Икари;25;0;;0,1,1,1,1,1,1,1,1,0,1,0,0,1,0;25;;;1;;;;23;1;;;;;;1;;;73;;;;;;;;;;;;;;;;;;;;;;;;;;;;;0;0;;;;
155;;Хитоши;Хитоши;21;0;;0,1,1,1,1,1,1,1,1,0,1,0,0,1,0;21;;;1;;;;23;1;;;;;;1;;;78;;;;;;;;;;;;;;;;;;;;;;;;;;;;;0;0;;;;
156;;Хинкей;Хинкей;15;0;;0,1,1,1,1,1,1,1,1,0,1,0,0,1,0;15;;;1;;;;23;1;;;;;;1;;;79;;;;;;;;;;;;;;;;;;;;;;;;;;;;;0;0;;;;
901;;Аригато акция;Аригато акция;17;0;;0,1,1,1,1,1,1,1,1,0,1,0,0,1,0;17;;;1;;;;23;1;;;;;;1;;;904;;;;;;;;;;;;;;;;;;;;;;;;;;;;;0;0;;;;
773;;Фристайл;Фристайл;22;0;;0,1,1,1,1,1,1,1,1,0,1,0,0,1,0;22;;;1;;;;23;1;;;;;;1;;;109;;;;;;;;;;;;;;;;;;;;;;;;;;;;;0;0;;;;
775;;Карами;Карами;30;0;;0,1,1,1,1,1,1,1,1,0,1,0,0,1,0;30;;;1;;;;23;1;;;;;;1;;;111;;;;;;;;;;;;;;;;;;;;;;;;;;;;;0;0;;;;
776;;Шиоке;Шиоке;28;0;;0,1,1,1,1,1,1,1,1,0,1,0,0,1,0;28;;;1;;;;23;1;;;;;;1;;;112;;;;;;;;;;;;;;;;;;;;;;;;;;;;;0;0;;;;
924;;Сноу ролл;Сноу ролл;27;0;;0,1,1,1,1,1,1,1,1,0,1,0,0,1,0;27;;;1;;;;23;1;;;;;;1;;;126;;;;;;;;;;;;;;;;;;;;;;;;;;;;;0;0;;;;
925;;Фьюжн Филадельфия;Фьюжн Филадельфия;38;0;;0,1,1,1,1,1,1,1,1,0,1,0,0,1,0;38;;;1;;;;23;1;;;;;;1;;;127;;;;;;;;;;;;;;;;;;;;;;;;;;;;;0;0;;;;
926;;Блэк Филадельфия;Блэк Филадельфия;38;0;;0,1,1,1,1,1,1,1,1,0,1,0,0,1,0;38;;;1;;;;23;1;;;;;;1;;;128;;;;;;;;;;;;;;;;;;;;;;;;;;;;;0;0;;;;
928;;Сяке спайси;Сяке спайси;30;0;;0,1,1,1,1,1,1,1,1,0,1,0,0,1,0;30;;;1;;;;23;1;;;;;;1;;;129;;;;;;;;;;;;;;;;;;;;;;;;;;;;;0;0;;;;
933;;Эби спешиал;Эби спешиал;57;0;;0,1,1,1,1,1,1,1,1,0,1,0,0,1,0;57;;;1;;;;23;1;;;;;;1;;;134;;;;;;;;;;;;;;;;;;;;;;;;;;;;;0;0;;;;
934;;Шиокара;Шиокара;56;0;;0,1,1,1,1,1,1,1,1,0,1,0,0,1,0;56;;;1;;;;23;1;;;;;;1;;;135;;;;;;;;;;;;;;;;;;;;;;;;;;;;;0;0;;;;
935;;Ика Тай;Ика Тай;35;0;;0,1,1,1,1,1,1,1,1,0,1,0,0,1,0;35;;;1;;;;23;1;;;;;;1;;;136;;;;;;;;;;;;;;;;;;;;;;;;;;;;;0;0;;;;
936;;Унаги сарада;Унаги сарада;56;0;;0,1,1,1,1,1,1,1,1,0,1,0,0,1,0;56;;;1;;;;23;1;;;;;;1;;;137;;;;;;;;;;;;;;;;;;;;;;;;;;;;;0;0;;;;
937;;Магуро татаки;Магуро татаки;67;0;;0,1,1,1,1,1,1,1,1,0,1,0,0,1,0;67;;;1;;;;23;1;;;;;;1;;;138;;;;;;;;;;;;;;;;;;;;;;;;;;;;;0;0;;;;
946;;Лава мини;Лава мини;20;0;;0,1,1,1,1,1,1,1,1,0,1,0,0,1,0;20;;;1;;;;23;1;;;;;;1;;;228;;;;;;;;;;;;;;;;;;;;;;;;;;;;;0;0;;;;
950;;Томато мини;Томато мини;8;0;;0,1,1,1,1,1,1,1,1,0,1,0,0,1,0;8;;;1;;;;23;1;;;;;;1;;;232;;;;;;;;;;;;;;;;;;;;;;;;;;;;;0;0;;;;
954;;Бонито мини;Бонито мини;18;0;;0,1,1,1,1,1,1,1,1,0,1,0,0,1,0;18;;;1;;;;23;1;;;;;;1;;;236;;;;;;;;;;;;;;;;;;;;;;;;;;;;;0;0;;;;
918;;Аригато маки;Аригато маки;22;0;;0,1,1,1,1,1,1,1,1,0,1,0,0,1,0;22;;;1;;;;23;1;;;;;;1;;;124;;;;;;;;;;;;;;;;;;;;;;;;;;;;;0;0;;;;
919;;Нику рёру;Нику рёру;22;0;;0,1,1,1,1,1,1,1,1,0,1,0,0,1,0;22;;;1;;;;23;1;;;;;;1;;;125;;;;;;;;;;;;;;;;;;;;;;;;;;;;;0;0;;;;
783;;Дабл фиш;Дабл фиш;40;0;;0,1,1,1,1,1,1,1,1,0,1,0,0,1,0;40;;;1;;;;23;1;;;;;;1;;;115;;;;;;;;;;;;;;;;;;;;;;;;;;;;;0;0;;;;
785;;Микс Тай;Микс Тай;40;0;;0,1,1,1,1,1,1,1,1,0,1,0,0,1,0;40;;;1;;;;23;1;;;;;;1;;;117;;;;;;;;;;;;;;;;;;;;;;;;;;;;;0;0;;;;
893;;Кииро;Кииро;21;0;;0,1,1,1,1,1,1,1,1,0,1,0,0,1,0;21;;;1;;;;23;1;;;;;;1;;;120;;;;;;;;;;;;;;;;;;;;;;;;;;;;;0;0;;;;
393;;Спринг-роллы;Спринг-роллы;0;;;0,1,1,1,1,1,1,1,1,0,1,0,0,1,0;;;;1;;;;1;0;;;;;;;;;;;;;;;;;;;;;;;;;;;;;;;;;;;;;;0;0;;;;
984;;Криспи хот мини;Криспи хот мини;13;0;;0,1,1,1,1,1,1,1,1,0,1,0,0,1,0;13;;;1;;;;393;1;;;;;;1;;;241;;;;;;;;;;;;;;;;;;;;;;;;;;;;;0;0;;;;
985;;Криспи Салмо мини;Криспи Салмо мини;17;0;;0,1,1,1,1,1,1,1,1,0,1,0,0,1,0;17;;;1;;;;393;1;;;;;;1;;;242;;;;;;;;;;;;;;;;;;;;;;;;;;;;;0;0;;;;
578;;Эми харумаки;Эми харумаки;28;0;;0,1,1,1,1,1,1,1,1,0,1,0,0,1,0;28;;;1;;;;393;1;;;;;;1;;;107;;;;;;;;;;;;;;;;;;;;;;;;;;;;;0;0;;;;
579;;Унаги харумаки;Унаги харумаки;35;0;;0,1,1,1,1,1,1,1,1,0,1,0,0,1,0;35;;;1;;;;393;1;;;;;;1;;;105;;;;;;;;;;;;;;;;;;;;;;;;;;;;;0;0;;;;
580;;Кинтаро харумаки;Кинтаро харумаки;18;0;;0,1,1,1,1,1,1,1,1,0,1,0,0,1,0;18;;;1;;;;393;1;;;;;;1;;;101;;;;;;;;;;;;;;;;;;;;;;;;;;;;;0;0;;;;
581;;Томат Темпура;Томат Темпура;15;0;;0,1,1,1,1,1,1,1,1,0,1,0,0,1,0;15;;;1;;;;393;1;;;;;;1;;;104;;;;;;;;;;;;;;;;;;;;;;;;;;;;;0;0;;;;
582;;Сатори ролл;Сатори ролл;17;0;;0,1,1,1,1,1,1,1,1,0,1,0,0,1,0;17;;;1;;;;393;1;;;;;;1;;;103;;;;;;;;;;;;;;;;;;;;;;;;;;;;;0;0;;;;
583;;Ханаби темпура;Ханаби темпура;30;0;;0,1,1,1,1,1,1,1,1,0,1,0,0,1,0;30;;;1;;;;393;1;;;;;;1;;;106;;;;;;;;;;;;;;;;;;;;;;;;;;;;;0;0;;;;
584;;Маи спайси;Маи спайси;22;0;;0,1,1,1,1,1,1,1,1,0,1,0,0,1,0;22;;;1;;;;393;1;;;;;;1;;;102;;;;;;;;;;;;;;;;;;;;;;;;;;;;;0;0;;;;
395;;Химегаи;Химегаи;56;0;;0,1,1,1,1,1,1,1,1,0,1,0,0,1,0;56;;;1;;;;393;1;;;;;;1;;;83;;;;;;;;;;;;;;;;;;;;;;;;;;;;;0;0;;;;
396;;Наками;Наками;54;0;;0,1,1,1,1,1,1,1,1,0,1,0,0,1,0;54;;;1;;;;393;1;;;;;;1;;;84;;;;;;;;;;;;;;;;;;;;;;;;;;;;;0;0;;;;
400;;Териури;Териури;90;0;;0,1,1,1,1,1,1,1,1,0,1,0,0,1,0;90;;;1;;;;393;1;;;;;;1;;;82;;;;;;;;;;;;;;;;;;;;;;;;;;;;;0;0;;;;
929;;Криспи сяке;Криспи сяке;27;0;;0,1,1,1,1,1,1,1,1,0,1,0,0,1,0;27;;;1;;;;393;1;;;;;;1;;;130;;;;;;;;;;;;;;;;;;;;;;;;;;;;;0;0;;;;
930;;Криспи ика;Криспи ика;22;0;;0,1,1,1,1,1,1,1,1,0,1,0,0,1,0;22;;;1;;;;393;1;;;;;;1;;;131;;;;;;;;;;;;;;;;;;;;;;;;;;;;;0;0;;;;
931;;Криспи салмо;Криспи салмо;31;0;;0,1,1,1,1,1,1,1,1,0,1,0,0,1,0;31;;;1;;;;393;1;;;;;;1;;;132;;;;;;;;;;;;;;;;;;;;;;;;;;;;;0;0;;;;
932;;Криспи хот;Криспи хот;21;0;;0,1,1,1,1,1,1,1,1,0,1,0,0,1,0;21;;;1;;;;393;1;;;;;;1;;;133;;;;;;;;;;;;;;;;;;;;;;;;;;;;;0;0;;;;
4;;Товары;Товары;0;;;0,1,1,1,1,1,1,1,1,0,1,0,0,1,0;;;;1;;;;;0;;;;;;;;;;;;;;;;;;;;;;;;;;;;;;;;;;;;;;0;0;;;;
286;;приборы;приборы;0;;;0,1,1,1,1,1,1,1,1,0,1,0,0,1,0;;;;1;;;;4;0;;;;;;;;;;;;;;;;;;;;;;;;;;;;;;;;;;;;;;0;0;;;;
763;;Набор д/суши на 2 пер 40335;Набор д/суши на 2 пер 40335;850;0;;0,1,1,1,1,1,1,1,1,0,1,0,0,1,0;850;;;1;;;;286;1;;;;;;1;;;40335;;;;;;;;;;;;;;;;;;;;;;;;;;;;;0;0;;;;
764;;Набор д/суши на 2 пер 40332;Набор д/суши на 2 пер 40332;600;0;;0,1,1,1,1,1,1,1,1,0,1,0,0,1,0;600;;;1;;;;286;1;;;;;;1;;;40332;;;;;;;;;;;;;;;;;;;;;;;;;;;;;0;0;;;;
765;;Набор на 2 пер 40402;Набор на 2 пер 40402;550;0;;0,1,1,1,1,1,1,1,1,0,1,0,0,1,0;550;;;1;;;;286;1;;;;;;1;;;40402;;;;;;;;;;;;;;;;;;;;;;;;;;;;;0;0;;;;
766;;Набор палочек А0017-12;Набор палочек А0017-12;250;0;;0,1,1,1,1,1,1,1,1,0,1,0,0,1,0;250;;;1;;;;286;1;;;;;;1;;;0017;;;;;;;;;;;;;;;;;;;;;;;;;;;;;0;0;;;;
767;;Набор палочек А0018-22;Набор палочек А0018-22;460;0;;0,1,1,1,1,1,1,1,1,0,1,0,0,1,0;460;;;1;;;;286;1;;;;;;1;;;0018;;;;;;;;;;;;;;;;;;;;;;;;;;;;;0;0;;;;
768;;Палочки бамбук 40375;Палочки бамбук 40375;130;0;;0,1,1,1,1,1,1,1,1,0,1,0,0,1,0;130;;;1;;;;286;1;;;;;;1;;;40375;;;;;;;;;;;;;;;;;;;;;;;;;;;;;0;0;;;;
879;;Палочки д\еды IVR184;Палочки д\еды IVR184;250;0;;0,1,1,1,1,1,1,1,1,0,1,0,0,1,0;250;;;1;;;;286;1;;;;;;1;;;1845;;;;;;;;;;;;;;;;;;;;;;;;;;;;;0;0;;;;
880;;Палочки д\еды IVR185;Палочки д\еды IVR185;150;0;;0,1,1,1,1,1,1,1,1,0,1,0,0,1,0;150;;;1;;;;286;1;;;;;;1;;;1855;;;;;;;;;;;;;;;;;;;;;;;;;;;;;0;0;;;;
881;;Палочки д\еды 1210-2;Палочки д\еды 1210-2;150;0;;0,1,1,1,1,1,1,1,1,0,1,0,0,1,0;150;;;1;;;;286;1;;;;;;1;;;1210;;;;;;;;;;;;;;;;;;;;;;;;;;;;;0;0;;;;
752;;Набор палочек А0016-1;Набор палочек А0016-1;480;0;;0,1,1,1,1,1,1,1,1,0,1,0,0,1,0;480;;;1;;;;286;1;;;;;;1;;;0016;;;;;;;;;;;;;;;;;;;;;;;;;;;;;0;0;;;;
753;;Набор д/суши 40435;Набор д/суши 40435;1200;0;;0,1,1,1,1,1,1,1,1,0,1,0,0,1,0;1200;;;1;;;;286;1;;;;;;1;;;40435;;;;;;;;;;;;;;;;;;;;;;;;;;;;;0;0;;;;
754;;Набор д/суши 40379;Набор д/суши 40379;500;0;;0,1,1,1,1,1,1,1,1,0,1,0,0,1,0;500;;;1;;;;286;1;;;;;;1;;;40379;;;;;;;;;;;;;;;;;;;;;;;;;;;;;0;0;;;;
755;;Набор д/суши z89730;Набор д/суши z89730;1050;0;;0,1,1,1,1,1,1,1,1,0,1,0,0,1,0;1050;;;1;;;;286;1;;;;;;1;;;89730;;;;;;;;;;;;;;;;;;;;;;;;;;;;;0;0;;;;
756;;Набор д/суши z13845;Набор д/суши z13845;1050;0;;0,1,1,1,1,1,1,1,1,0,1,0,0,1,0;1050;;;1;;;;286;1;;;;;;1;;;13845;;;;;;;;;;;;;;;;;;;;;;;;;;;;;0;0;;;;
982;;Набор Д\Суши 40437;Набор Д\Суши 40437;500;0;;0,1,1,1,1,1,1,1,1,0,1,0,0,1,0;500;;;1;;;;286;1;;;;;;1;;;40437;;;;;;;;;;;;;;;;;;;;;;;;;;;;;0;0;;;;
983;;Набор Д\Суши 40410;Набор Д\Суши 40410;1350;0;;0,1,1,1,1,1,1,1,1,0,1,0,0,1,0;1350;;;1;;;;286;1;;;;;;1;;;40410;;;;;;;;;;;;;;;;;;;;;;;;;;;;;0;0;;;;
361;;Набор для суши 40434;Набор для суши 40434;1200;0;;0,1,1,1,1,1,1,1,1,0,1,0,0,1,0;1200;;;1;;;;286;1;;;;;;1;;;40434;;;;;;;;;;;;;;;;;;;;;;;;;;;;;0;0;;;;
362;;Набор для суши на четыре пер 40400;Набор для суши на четыре пер 40400;800;0;;0,1,1,1,1,1,1,1,1,0,1,0,0,1,0;800;;;1;;;;286;1;;;;;;1;;;40400;;;;;;;;;;;;;;;;;;;;;;;;;;;;;0;0;;;;
363;;Набор для суши на четыре пер 40407;Набор для суши на четыре пер 40407;1350;0;;0,1,1,1,1,1,1,1,1,0,1,0,0,1,0;1350;;;1;;;;286;1;;;;;;1;;;40407;;;;;;;;;;;;;;;;;;;;;;;;;;;;;0;0;;;;
364;;Набор для суши на две пер 40343;Набор для суши на две пер 40343;600;0;;0,1,1,1,1,1,1,1,1,0,1,0,0,1,0;600;;;1;;;;286;1;;;;;;1;;;40343;;;;;;;;;;;;;;;;;;;;;;;;;;;;;0;0;;;;
365;;Палочки бамбук 40357;Палочки бамбук 40357;130;0;;0,1,1,1,1,1,1,1,1,0,1,0,0,1,0;130;;;1;;;;286;1;;;;;;1;;;40357;;;;;;;;;;;;;;;;;;;;;;;;;;;;;0;0;;;;
366;;Набор для суши на две пер 40344;Набор для суши на две пер 40344;500;0;;0,1,1,1,1,1,1,1,1,0,1,0,0,1,0;500;;;1;;;;286;1;;;;;;1;;;40344;;;;;;;;;;;;;;;;;;;;;;;;;;;;;0;0;;;;
367;;Набор для суши на две пер 40349;Набор для суши на две пер 40349;600;0;;0,1,1,1,1,1,1,1,1,0,1,0,0,1,0;600;;;1;;;;286;1;;;;;;1;;;40349;;;;;;;;;;;;;;;;;;;;;;;;;;;;;0;0;;;;
368;;Набор для суши на две пер 40341;Набор для суши на две пер 40341;550;0;;0,1,1,1,1,1,1,1,1,0,1,0,0,1,0;550;;;1;;;;286;1;;;;;;1;;;40341;;;;;;;;;;;;;;;;;;;;;;;;;;;;;0;0;;;;
369;;Набор для суши на две пер 40409;Набор для суши на две пер 40409;1500;0;;0,1,1,1,1,1,1,1,1,0,1,0,0,1,0;1500;;;1;;;;286;1;;;;;;1;;;40409;;;;;;;;;;;;;;;;;;;;;;;;;;;;;0;0;;;;
370;;Набор для суши на 2 пер 40444;Набор для суши на 2 пер 40444;650;0;;0,1,1,1,1,1,1,1,1,0,1,0,0,1,0;650;;;1;;;;286;1;;;;;;1;;;40444;;;;;;;;;;;;;;;;;;;;;;;;;;;;;0;0;;;;
371;;Набор для суши на две пер40443;Набор для суши на две пер40443;450;0;;0,1,1,1,1,1,1,1,1,0,1,0,0,1,0;450;;;1;;;;286;1;;;;;;1;;;40443;;;;;;;;;;;;;;;;;;;;;;;;;;;;;0;0;;;;
527;;Набор для суши 2360012;Набор для суши 2360012;380;0;;0,1,1,1,1,1,1,1,1,0,1,0,0,1,0;380;;;1;;;;286;1;;;;;;1;;;2360012;;;;;;;;;;;;;;;;;;;;;;;;;;;;;0;0;;;;
528;;Набор для суши 02360011;Набор для суши 02360011;380;0;;0,1,1,1,1,1,1,1,1,0,1,0,0,1,0;380;;;1;;;;286;1;;;;;;1;;;02360011;;;;;;;;;;;;;;;;;;;;;;;;;;;;;0;0;;;;
529;;Набор для суши 2870017;Набор для суши 2870017;380;0;;0,1,1,1,1,1,1,1,1,0,1,0,0,1,0;380;;;1;;;;286;1;;;;;;1;;;2870017;;;;;;;;;;;;;;;;;;;;;;;;;;;;;0;0;;;;
530;;Набор для суши 03850007;Набор для суши 03850007;430;0;;0,1,1,1,1,1,1,1,1,0,1,0,0,1,0;430;;;1;;;;286;1;;;;;;1;;;03850007;;;;;;;;;;;;;;;;;;;;;;;;;;;;;0;0;;;;
531;;Набор для суши 00450007;Набор для суши 00450007;430;0;;0,1,1,1,1,1,1,1,1,0,1,0,0,1,0;430;;;1;;;;286;1;;;;;;1;;;00450007;;;;;;;;;;;;;;;;;;;;;;;;;;;;;0;0;;;;
532;;Набор для суши 2870021;Набор для суши 2870021;450;0;;0,1,1,1,1,1,1,1,1,0,1,0,0,1,0;450;;;1;;;;286;1;;;;;;1;;;2870021;;;;;;;;;;;;;;;;;;;;;;;;;;;;;0;0;;;;
533;;Набор для суши 2870027;Набор для суши 2870027;350;0;;0,1,1,1,1,1,1,1,1,0,1,0,0,1,0;350;;;1;;;;286;1;;;;;;1;;;2870027;;;;;;;;;;;;;;;;;;;;;;;;;;;;;0;0;;;;
534;;Набор для суши 00450006;Набор для суши 00450006;450;0;;0,1,1,1,1,1,1,1,1,0,1,0,0,1,0;450;;;1;;;;286;1;;;;;;1;;;00450006;;;;;;;;;;;;;;;;;;;;;;;;;;;;;0;0;;;;
535;;Набор для суши 00450014;Набор для суши 00450014;350;0;;0,1,1,1,1,1,1,1,1,0,1,0,0,1,0;350;;;1;;;;286;1;;;;;;1;;;00450014;;;;;;;;;;;;;;;;;;;;;;;;;;;;;0;0;;;;
536;;Набор для суши 2870026;Набор для суши 2870026;450;0;;0,1,1,1,1,1,1,1,1,0,1,0,0,1,0;450;;;1;;;;286;1;;;;;;1;;;2870026;;;;;;;;;;;;;;;;;;;;;;;;;;;;;0;0;;;;
537;;Набор для суши 00450026;Набор для суши 00450026;650;0;;0,1,1,1,1,1,1,1,1,0,1,0,0,1,0;650;;;1;;;;286;1;;;;;;1;;;00450026;;;;;;;;;;;;;;;;;;;;;;;;;;;;;0;0;;;;
538;;Набор для суши 00450023;Набор для суши 00450023;830;0;;0,1,1,1,1,1,1,1,1,0,1,0,0,1,0;830;;;1;;;;286;1;;;;;;1;;;00450023;;;;;;;;;;;;;;;;;;;;;;;;;;;;;0;0;;;;
539;;Набор для суши 00450027;Набор для суши 00450027;650;0;;0,1,1,1,1,1,1,1,1,0,1,0,0,1,0;650;;;1;;;;286;1;;;;;;1;;;00450027;;;;;;;;;;;;;;;;;;;;;;;;;;;;;0;0;;;;
540;;Набор для суши 2870052;Набор для суши 2870052;550;0;;0,1,1,1,1,1,1,1,1,0,1,0,0,1,0;550;;;1;;;;286;1;;;;;;1;;;2870052;;;;;;;;;;;;;;;;;;;;;;;;;;;;;0;0;;;;
541;;Набор для суши 03850006;Набор для суши 03850006;650;0;;0,1,1,1,1,1,1,1,1,0,1,0,0,1,0;650;;;1;;;;286;1;;;;;;1;;;03850006;;;;;;;;;;;;;;;;;;;;;;;;;;;;;0;0;;;;
542;;Набор для суши 00450019;Набор для суши 00450019;750;0;;0,1,1,1,1,1,1,1,1,0,1,0,0,1,0;750;;;1;;;;286;1;;;;;;1;;;00450019;;;;;;;;;;;;;;;;;;;;;;;;;;;;;0;0;;;;
543;;Набор для суши 02360007;Набор для суши 02360007;750;0;;0,1,1,1,1,1,1,1,1,0,1,0,0,1,0;750;;;1;;;;286;1;;;;;;1;;;02360007;;;;;;;;;;;;;;;;;;;;;;;;;;;;;0;0;;;;
699;;Набор д\суши 40438;Набор д\суши 40438;1550;0;;0,1,1,1,1,1,1,1,1,0,1,0,0,1,0;1550;;;1;;;;286;1;;;;;;1;;;40438;;;;;;;;;;;;;;;;;;;;;;;;;;;;;0;0;;;;
700;;Набор палочек 40354;Набор палочек 40354;230;0;;0,1,1,1,1,1,1,1,1,0,1,0,0,1,0;230;;;1;;;;286;1;;;;;;1;;;40354;;;;;;;;;;;;;;;;;;;;;;;;;;;;;0;0;;;;
701;;Набор палочек 40429;Набор палочек 40429;230;0;;0,1,1,1,1,1,1,1,1,0,1,0,0,1,0;230;;;1;;;;286;1;;;;;;1;;;40429;;;;;;;;;;;;;;;;;;;;;;;;;;;;;0;0;;;;
702;;Набор палочек 40430;Набор палочек 40430;230;0;;0,1,1,1,1,1,1,1,1,0,1,0,0,1,0;230;;;1;;;;286;1;;;;;;1;;;40430;;;;;;;;;;;;;;;;;;;;;;;;;;;;;0;0;;;;
703;;Набор д\суши 40381;Набор д\суши 40381;550;0;;0,1,1,1,1,1,1,1,1,0,1,0,0,1,0;550;;;1;;;;286;1;;;;;;1;;;40381;;;;;;;;;;;;;;;;;;;;;;;;;;;;;0;0;;;;
704;;Набор д\суши 40342;Набор д\суши 40342;450;0;;0,1,1,1,1,1,1,1,1,0,1,0,0,1,0;450;;;1;;;;286;1;;;;;;1;;;40342;;;;;;;;;;;;;;;;;;;;;;;;;;;;;0;0;;;;
705;;Набор палочек 40355;Набор палочек 40355;230;0;;0,1,1,1,1,1,1,1,1,0,1,0,0,1,0;230;;;1;;;;286;1;;;;;;1;;;40355;;;;;;;;;;;;;;;;;;;;;;;;;;;;;0;0;;;;
347;;Палочки бамбуковые 403000;Палочки бамбуковые 403000;30;0;;0,1,1,1,1,1,1,1,1,0,1,0,0,1,0;30;;;1;;;;286;1;;;;;;1;;;403000;;;;;;;;;;;;;;;;;;;;;;;;;;;;;0;0;;;;
348;;Палочки бамбук 40389;Палочки бамбук 40389;230;0;;0,1,1,1,1,1,1,1,1,0,1,0,0,1,0;230;;;1;;;;286;1;;;;;;1;;;40389;;;;;;;;;;;;;;;;;;;;;;;;;;;;;0;0;;;;
349;;Набор для суши 2 пер 40433;Набор для суши 2 пер 40433;1300;0;;0,1,1,1,1,1,1,1,1,0,1,0,0,1,0;1300;;;1;;;;286;1;;;;;;1;;;40433;;;;;;;;;;;;;;;;;;;;;;;;;;;;;0;0;;;;
350;;Набор для суши 2 пер 40436;Набор для суши 2 пер 40436;1000;0;;0,1,1,1,1,1,1,1,1,0,1,0,0,1,0;1000;;;1;;;;286;1;;;;;;1;;;40436;;;;;;;;;;;;;;;;;;;;;;;;;;;;;0;0;;;;
351;;Набор для суши 0034;Набор для суши 0034;440;0;;0,1,1,1,1,1,1,1,1,0,1,0,0,1,0;440;;;1;;;;286;1;;;;;;1;;;0034;;;;;;;;;;;;;;;;;;;;;;;;;;;;;0;0;;;;
352;;Набор для суши 2 пер 40439;Набор для суши 2 пер 40439;1600;0;;0,1,1,1,1,1,1,1,1,0,1,0,0,1,0;1600;;;1;;;;286;1;;;;;;1;;;40439;;;;;;;;;;;;;;;;;;;;;;;;;;;;;0;0;;;;
353;;Набор для суши  на две пер 40444;Набор для суши  на две пер 40444;544;0;;0,1,1,1,1,1,1,1,1,0,1,0,0,1,0;544;;;1;;;;286;1;;;;;;1;;;;;;;;;;;;;;;;;;;;;;;;;;;;;;;;0;0;;;;
355;;Набор для суши 2 пер 40422;Набор для суши 2 пер 40422;550;0;;0,1,1,1,1,1,1,1,1,0,1,0,0,1,0;550;;;1;;;;286;1;;;;;;1;;;40422;;;;;;;;;;;;;;;;;;;;;;;;;;;;;0;0;;;;
356;;Набор для суши на две пер40439;Набор для суши на две пер40439;837;0;;0,1,1,1,1,1,1,1,1,0,1,0,0,1,0;837;;;1;;;;286;1;;;;;;1;;;;;;;;;;;;;;;;;;;;;;;;;;;;;;;;0;0;;;;
357;;Набор для суши 40405;Набор для суши 40405;770;0;;0,1,1,1,1,1,1,1,1,0,1,0,0,1,0;770;;;1;;;;286;1;;;;;;1;;;40405;;;;;;;;;;;;;;;;;;;;;;;;;;;;;0;0;;;;
358;;Набор для суши 40387;Набор для суши 40387;350;0;;0,1,1,1,1,1,1,1,1,0,1,0,0,1,0;350;;;1;;;;286;1;;;;;;1;;;40387;;;;;;;;;;;;;;;;;;;;;;;;;;;;;0;0;;;;
287;;палочки бамбуковые 40322;палочки бамбуковые 40322;130;0;;0,1,1,1,1,1,1,1,1,0,1,0,0,1,0;130;;;1;;;;286;1;;;;;;1;;;40322;;;;;;;;;;;;;;;;;;;;;;;;;;;;;0;0;;;;
380;;Палочки бамбук 40310;Палочки бамбук 40310;230;0;;0,1,1,1,1,1,1,1,1,0,1,0,0,1,0;230;;;1;;;;286;1;;;;;;1;;;40310;;;;;;;;;;;;;;;;;;;;;;;;;;;;;0;0;;;;
451;;Набор Палочек40428;Набор Палочек40428;230;0;;0,1,1,1,1,1,1,1,1,0,1,0,0,1,0;230;;;1;;;;286;1;;;;;;1;;;40428;;;;;;;;;;;;;;;;;;;;;;;;;;;;;0;0;;;;
452;;Палочки для еды М 0105;Палочки для еды М 0105;10;0;;0,1,1,1,1,1,1,1,1,0,1,0,0,1,0;10;;;1;;;;286;1;;;;;;1;;;0105;;;;;;;;;;;;;;;;;;;;;;;;;;;;;0;0;;;;
454;;Набор 40346;Набор 40346;800;0;;0,1,1,1,1,1,1,1,1,0,1,0,0,1,0;800;;;1;;;;286;1;;;;;;1;;;40346;;;;;;;;;;;;;;;;;;;;;;;;;;;;;0;0;;;;
456;;Палочки для еды 1080;Палочки для еды 1080;250;0;;0,1,1,1,1,1,1,1,1,0,1,0,0,1,0;250;;;1;;;;286;1;;;;;;1;;;1080;;;;;;;;;;;;;;;;;;;;;;;;;;;;;0;0;;;;
457;;Набор 40408;Набор 40408;1300;0;;0,1,1,1,1,1,1,1,1,0,1,0,0,1,0;1300;;;1;;;;286;1;;;;;;1;;;40408;;;;;;;;;;;;;;;;;;;;;;;;;;;;;0;0;;;;
458;;Набор для суши на 2 пер 40440;Набор для суши на 2 пер 40440;1600;0;;0,1,1,1,1,1,1,1,1,0,1,0,0,1,0;1600;;;1;;;;286;1;;;;;;1;;;40440;;;;;;;;;;;;;;;;;;;;;;;;;;;;;0;0;;;;
459;;палочки бамбуковые 40432;палочки бамбуковые 40432;250;0;;0,1,1,1,1,1,1,1,1,0,1,0,0,1,0;250;;;1;;;;286;1;;;;;;1;;;40432;;;;;;;;;;;;;;;;;;;;;;;;;;;;;0;0;;;;
460;;Набор 40424;Набор 40424;1200;0;;0,1,1,1,1,1,1,1,1,0,1,0,0,1,0;1200;;;1;;;;286;1;;;;;;1;;;40424;;;;;;;;;;;;;;;;;;;;;;;;;;;;;0;0;;;;
461;;Набор 40426;Набор 40426;1300;0;;0,1,1,1,1,1,1,1,1,0,1,0,0,1,0;1300;;;1;;;;286;1;;;;;;1;;;40426;;;;;;;;;;;;;;;;;;;;;;;;;;;;;0;0;;;;
462;;Набор 40329;Набор 40329;950;0;;0,1,1,1,1,1,1,1,1,0,1,0,0,1,0;950;;;1;;;;286;1;;;;;;1;;;40329;;;;;;;;;;;;;;;;;;;;;;;;;;;;;0;0;;;;
463;;Набор 40421;Набор 40421;650;0;;0,1,1,1,1,1,1,1,1,0,1,0,0,1,0;650;;;1;;;;286;1;;;;;;1;;;40421;;;;;;;;;;;;;;;;;;;;;;;;;;;;;0;0;;;;
464;;Набор 1208;Набор 1208;100;0;;0,1,1,1,1,1,1,1,1,0,1,0,0,1,0;100;;;1;;;;286;1;;;;;;1;;;1208;;;;;;;;;;;;;;;;;;;;;;;;;;;;;0;0;;;;
465;;Набор 40315;Набор 40315;230;0;;0,1,1,1,1,1,1,1,1,0,1,0,0,1,0;230;;;1;;;;286;1;;;;;;1;;;40315;;;;;;;;;;;;;;;;;;;;;;;;;;;;;0;0;;;;
466;;Набор 40334;Набор 40334;600;0;;0,1,1,1,1,1,1,1,1,0,1,0,0,1,0;600;;;1;;;;286;1;;;;;;1;;;40334;;;;;;;;;;;;;;;;;;;;;;;;;;;;;0;0;;;;
467;;Палочки 0033;Палочки 0033;230;0;;0,1,1,1,1,1,1,1,1,0,1,0,0,1,0;230;;;1;;;;286;1;;;;;;1;;;0033;;;;;;;;;;;;;;;;;;;;;;;;;;;;;0;0;;;;
468;;Палочки 40311;Палочки 40311;230;0;;0,1,1,1,1,1,1,1,1,0,1,0,0,1,0;230;;;1;;;;286;1;;;;;;1;;;40311;;;;;;;;;;;;;;;;;;;;;;;;;;;;;0;0;;;;
587;;Набор д\суши 2870033;Набор д\суши 2870033;700;0;;0,1,1,1,1,1,1,1,1,0,1,0,0,1,0;700;;;1;;;;286;1;;;;;;1;;;2870033;;;;;;;;;;;;;;;;;;;;;;;;;;;;;0;0;;;;
588;;Набор д\суши 2870035;Набор д\суши 2870035;700;0;;0,1,1,1,1,1,1,1,1,0,1,0,0,1,0;700;;;1;;;;286;1;;;;;;1;;;2870035;;;;;;;;;;;;;;;;;;;;;;;;;;;;;0;0;;;;
589;;Набор д\суши 00450018;Набор д\суши 00450018;650;0;;0,1,1,1,1,1,1,1,1,0,1,0,0,1,0;650;;;1;;;;286;1;;;;;;1;;;00450018;;;;;;;;;;;;;;;;;;;;;;;;;;;;;0;0;;;;
590;;Набор д\суши 2870024;Набор д\суши 2870024;360;0;;0,1,1,1,1,1,1,1,1,0,1,0,0,1,0;360;;;1;;;;286;1;;;;;;1;;;2870024;;;;;;;;;;;;;;;;;;;;;;;;;;;;;0;0;;;;
591;;Набор д\суши 2878001;Набор д\суши 2878001;700;0;;0,1,1,1,1,1,1,1,1,0,1,0,0,1,0;700;;;1;;;;286;1;;;;;;1;;;2878001;;;;;;;;;;;;;;;;;;;;;;;;;;;;;0;0;;;;
592;;Набор д\суши 02360003;Набор д\суши 02360003;430;0;;0,1,1,1,1,1,1,1,1,0,1,0,0,1,0;430;;;1;;;;286;1;;;;;;1;;;02360003;;;;;;;;;;;;;;;;;;;;;;;;;;;;;0;0;;;;
593;;Набор д\суши 2870053;Набор д\суши 2870053;630;0;;0,1,1,1,1,1,1,1,1,0,1,0,0,1,0;630;;;1;;;;286;1;;;;;;1;;;2870053;;;;;;;;;;;;;;;;;;;;;;;;;;;;;0;0;;;;
594;;Набор д\суши 00450024;Набор д\суши 00450024;530;0;;0,1,1,1,1,1,1,1,1,0,1,0,0,1,0;530;;;1;;;;286;1;;;;;;1;;;00450024;;;;;;;;;;;;;;;;;;;;;;;;;;;;;0;0;;;;
299;;Набор для суши на 4 персоны;Набор для суши на 4 персоны;1298;0;;0,1,1,1,1,1,1,1,1,0,1,0,0,1,0;1298;;;1;;;;286;1;;;;;;1;;;;;;;;;;;;;;;;;;;;;;;;;;;;;;;;0;0;;;;
300;;Набор для суши на 6 персон;Набор для суши на 6 персон;850;0;;0,1,1,1,1,1,1,1,1,0,1,0,0,1,0;850;;;1;;;;286;1;;;;;;1;;;;;;;;;;;;;;;;;;;;;;;;;;;;;;;;0;0;;;;
301;;Набор для суши 2 пер 40441;Набор для суши 2 пер 40441;450;0;;0,1,1,1,1,1,1,1,1,0,1,0,0,1,0;450;;;1;;;;286;1;;;;;;1;;;40441;;;;;;;;;;;;;;;;;;;;;;;;;;;;;0;0;;;;
302;;Набор для суши на 2 перс. кор.40427;Набор для суши на 2 перс. кор.40427;800;0;;0,1,1,1,1,1,1,1,1,0,1,0,0,1,0;800;;;1;;;;286;1;;;;;;1;;;40427;;;;;;;;;;;;;;;;;;;;;;;;;;;;;0;0;;;;
303;;Набор для суши бамбук на 2 перс. 40401;Набор для суши бамбук на 2 перс. 40401;1050;0;;0,1,1,1,1,1,1,1,1,0,1,0,0,1,0;1050;;;1;;;;286;1;;;;;;1;;;40401;;;;;;;;;;;;;;;;;;;;;;;;;;;;;0;0;;;;
304;;Набор для суши подарочн.;Набор для суши подарочный на 2 перс. в коробке;970;0;;0,1,1,1,1,1,1,1,1,0,1,0,0,1,0;970;;;1;;;;286;1;;;;;;1;;;;;;;;;;;;;;;;;;;;;;;;;;;;;;;;0;0;;;;
305;;Палочки бамбук 40358;Палочки бамбук 40358;230;0;;0,1,1,1,1,1,1,1,1,0,1,0,0,1,0;230;;;1;;;;286;1;;;;;;1;;;40358;;;;;;;;;;;;;;;;;;;;;;;;;;;;;0;0;;;;
306;;Набор палочек 5 пар 40359;Набор палочек 5 пар 40359;230;0;;0,1,1,1,1,1,1,1,1,0,1,0,0,1,0;230;;;1;;;;286;1;;;;;;1;;;40359;;;;;;;;;;;;;;;;;;;;;;;;;;;;;0;0;;;;
307;;Палочки подарочн. в кор.;Палочки подарочн. в кор. на 2 перс.;194;0;;0,1,1,1,1,1,1,1,1,0,1,0,0,1,0;194;;;1;;;;286;1;;;;;;1;;;;;;;;;;;;;;;;;;;;;;;;;;;;;;;;0;0;;;;
777;;Набор д\суши на 2 пер;Набор д\суши на 2 пер;900;0;;0,1,1,1,1,1,1,1,1,0,1,0,0,1,0;900;;;1;;;;286;1;;;;;;1;;;40338;;;;;;;;;;;;;;;;;;;;;;;;;;;;;0;0;;;;
778;;Набор д\суши на 4 пер;Набор д\суши на 4 пер;750;0;;0,1,1,1,1,1,1,1,1,0,1,0,0,1,0;750;;;1;;;;286;1;;;;;;1;;;40395;;;;;;;;;;;;;;;;;;;;;;;;;;;;;0;0;;;;
770;;Набор д\суши на 2 пер 40425;Набор д\суши на 2 пер 40425;800;0;;0,1,1,1,1,1,1,1,1,0,1,0,0,1,0;800;;;1;;;;286;1;;;;;;1;;;40425;;;;;;;;;;;;;;;;;;;;;;;;;;;;;0;0;;;;
771;;Палочки бамбук 40446;Палочки бамбук 40446;230;0;;0,1,1,1,1,1,1,1,1,0,1,0,0,1,0;230;;;1;;;;286;1;;;;;;1;;;40446;;;;;;;;;;;;;;;;;;;;;;;;;;;;;0;0;;;;
967;;Набор для суши на 2 персоны 40404;Набор для суши на 2 персоны 40404;1000;0;;0,1,1,1,1,1,1,1,1,0,1,0,0,1,0;1000;;;1;;;;286;1;;;;;;1;;;40404;;;;;;;;;;;;;;;;;;;;;;;;;;;;;0;0;;;;
787;;Набор д\суши на 2 пер 40403;Набор д\суши на 2 пер 40403;1450;0;;0,1,1,1,1,1,1,1,1,0,1,0,0,1,0;1450;;;1;;;;286;1;;;;;;1;;;40403;;;;;;;;;;;;;;;;;;;;;;;;;;;;;0;0;;;;
788;;Набор д\суши на 2 пер 40445;Набор д\суши на 2 пер 40445;1050;0;;0,1,1,1,1,1,1,1,1,0,1,0,0,1,0;1050;;;1;;;;286;1;;;;;;1;;;40445;;;;;;;;;;;;;;;;;;;;;;;;;;;;;0;0;;;;
423;;Упаковка;Упаковка;0;;;0,1,1,1,1,1,1,1,1,0,1,0,0,1,0;;;;1;;;;4;0;;;;;;;;;;;;;;;;;;;;;;;;;;;;;;;;;;;;;;0;0;;;;
86;;Контейнер большой;Контейнер большой;7;0;;0,1,1,1,1,1,1,1,1,0,1,0,0,1,0;7;;;1;;;;423;1;;;;;;1;;;5;;;;;;;;;;;;;;;;;;;;;;;;;;;;;0;0;;;;
87;;Контейнер малый;Контейнер малый;4;0;;0,1,1,1,1,1,1,1,1,0,1,0,0,1,0;4;;;1;;;;423;1;;;;;;1;;;6;;;;;;;;;;;;;;;;;;;;;;;;;;;;;0;0;;;;
94;;Палочки;Палочки;2;0;;0,1,1,1,1,1,1,1,1,0,1,0,0,1,0;2;;;1;;;;423;1;;;;;;1;;;1;;;;;;;;;;;;;;;;;;;;;;;;;;;;;0;0;;;;
617;;Термоконтейнер маленький;Термоконтейнер маленький;6;0;;0,1,1,1,1,1,1,1,1,0,1,0,0,1,0;6;;;1;;;;423;1;;;;;;1;;;215;;;;;;;;;;;;;;;;;;;;;;;;;;;;;0;0;;;;
618;;Термоконтейнер большой;Термоконтейнер большой;8;0;;0,1,1,1,1,1,1,1,1,0,1,0,0,1,0;8;;;1;;;;423;1;;;;;;1;;;216;;;;;;;;;;;;;;;;;;;;;;;;;;;;;0;0;;;;
1015;;Салфетка влажная;Салфетка влажная;3;0;;0,1,1,1,1,1,1,1,1,0,1,0,0,1,0;3;;;1;;;;423;1;;;;;;1;;;197;;;;;;;;;;;;;;;;;;;;;;;;;;;;;0;0;;;;
438;;СервисПак;СервисПак;6;0;;0,1,1,1,1,1,1,1,1,0,1,0,0,1,0;6;;;1;;;;423;1;;;;;;1;;;204;;;;;;;;;;;;;;;;;;;;;;;;;;;;;0;0;;;;
439;;Контейнер д/суши РП-208;Контейнер д/суши РП-208;11;0;;0,1,1,1,1,1,1,1,1,0,1,0,0,1,0;11;;;1;;;;423;1;;;;;;1;;;205;;;;;;;;;;;;;;;;;;;;;;;;;;;;;0;0;;;;
441;;Пакет большой;Пакет большой;3;0;;0,1,1,1,1,1,1,1,1,0,1,0,0,1,0;3;;;1;;;;423;1;;;;;;1;;;206;;;;;;;;;;;;;;;;;;;;;;;;;;;;;0;0;;;;
442;;Контейнер д/сэта малый;Контейнер д/сэта малый;16;0;;0,1,1,1,1,1,1,1,1,0,1,0,0,1,0;16;;;1;;;;423;1;;;;;;1;;;207;;;;;;;;;;;;;;;;;;;;;;;;;;;;;0;0;;;;
443;;Контейнер д/сэта большой;Контейнер д/сэта большой;35;0;;0,1,1,1,1,1,1,1,1,0,1,0,0,1,0;35;;;1;;;;423;1;;;;;;1;;;208;;;;;;;;;;;;;;;;;;;;;;;;;;;;;0;0;;;;
7;;Напитки;Напитки;0;;;0,1,1,1,1,1,1,1,1,0,1,0,0,1,0;;;;1;;;;4;0;;;;;;;;;;;;;;;;;;;;;;;;;;;;;;;;;;;;;;0;0;;;;
250;;Маунтин Дью";Маунтин Дью";23;0;;0,1,1,1,1,1,1,1,1,0,1,0,0,1,0;23;;;1;;;;7;1;;;;;;1;;;;;;;;;;;;;;;;;;;;;;;;;;;;;;;;0;0;;;;
1005;;Эспрессо 70 мл;Эспрессо 70 мл;55;0;;0,1,1,1,1,1,1,1,1,0,1,0,0,1,0;55;;;1;;;;7;1;;;;;;1;;;757;;;;;;;;;;;;;;;;;;;;;;;;;;;;;0;0;;;;
1006;;Американо 170мл;Американо 170мл;55;0;;0,1,1,1,1,1,1,1,1,0,1,0,0,1,0;55;;;1;;;;7;1;;;;;;1;;;758;;;;;;;;;;;;;;;;;;;;;;;;;;;;;0;0;;;;
1007;;Капучино мал.150мл;Капучино мал.150мл;60;0;;0,1,1,1,1,1,1,1,1,0,1,0,0,1,0;60;;;1;;;;7;1;;;;;;1;;;759;;;;;;;;;;;;;;;;;;;;;;;;;;;;;0;0;;;;
1008;;Капучино бол.220мл;Капучино бол.220мл;75;0;;0,1,1,1,1,1,1,1,1,0,1,0,0,1,0;75;;;1;;;;7;1;;;;;;1;;;760;;;;;;;;;;;;;;;;;;;;;;;;;;;;;0;0;;;;
1010;;Чай 200мл;Чай 200мл;25;0;;0,1,1,1,1,1,1,1,1,0,1,0,0,1,0;25;;;1;;;;7;1;;;;;;1;;;761;;;;;;;;;;;;;;;;;;;;;;;;;;;;;0;0;;;;
749;;Адреналин;Адреналин;105;0;;0,1,1,1,1,1,1,1,1,0,1,0,0,1,0;105;;;1;;;;7;1;;;;;;1;;;751;;;;;;;;;;;;;;;;;;;;;;;;;;;;;0;0;;;;
751;;Сок " Я" 1л;Сок " Я" 1л;85;0;;0,1,1,1,1,1,1,1,1,0,1,0,0,1,0;85;;;1;;;;7;1;;;;;;1;;;753;;;;;;;;;;;;;;;;;;;;;;;;;;;;;0;0;;;;
514;;Миринда 1.25 л;Миринда 1.25 л;80;0;;0,1,1,1,1,1,1,1,1,0,1,0,0,1,0;80;;;1;;;;7;1;;;;;;1;;;750;;;;;;;;;;;;;;;;;;;;;;;;;;;;;0;0;;;;
282;;Пепси-кола 2л.;Пепси-кола 2л.;61;0;;0,1,1,1,1,1,1,1,1,0,1,0,0,1,0;61;;;1;;;;7;1;;;;;;1;;;;;;;;;;;;;;;;;;;;;;;;;;;;;;;;0;0;;;;
296;;Маунтин Дью 0,5л;Маунтин Дью 0,5л;36;0;;0,1,1,1,1,1,1,1,1,0,1,0,0,1,0;36;;;1;;;;7;1;;;;;;1;;;;;;;;;;;;;;;;;;;;;;;;;;;;;;;;0;0;;;;
297;;Адреналин Раш 0,33л.;Адреналин Раш 0,33л.;64;0;;0,1,1,1,1,1,1,1,1,0,1,0,0,1,0;64;;;1;;;;7;1;;;;;;1;;;;;;;;;;;;;;;;;;;;;;;;;;;;;;;;0;0;;;;
760;;Сок 0.385 в асс.;Сок 0.385 в асс.;32;0;;0,1,1,1,1,1,1,1,1,0,1,0,0,1,0;32;;;1;;;;7;1;;;;;;1;;;754;;;;;;;;;;;;;;;;;;;;;;;;;;;;;0;0;;;;
789;;Морс в асс.0.5;Морс в асс.0.5;50;0;;0,1,1,1,1,1,1,1,1,0,1,0,0,1,0;50;;;1;;;;7;1;;;;;;1;;;755;;;;;;;;;;;;;;;;;;;;;;;;;;;;;0;0;;;;
50;;Сок 1л. в асс.;Сок 1л. в асс.;80;0;;0,1,1,1,1,1,1,1,1,0,1,0,0,1,0;80;;;1;;;;7;1;;;;;;1;;;741;;;;;;;;;;;;;;;;;;;;;;;;;;;;;0;0;;;;
170;;Сок 0,2л. в асс.;Сок 0,2л. в асс.;30;0;;0,1,1,1,1,1,1,1,1,0,1,0,0,1,0;30;;;1;;;;7;1;;;;;;1;;;742;;;;;;;;;;;;;;;;;;;;;;;;;;;;;0;0;;;;
595;;Санкист 0,24л в асс-те;Санкист 0,24л в асс-те;30;0;;0,1,1,1,1,1,1,1,1,0,1,0,0,1,0;30;;;1;;;;7;1;;;;;;1;;;752;;;;;;;;;;;;;;;;;;;;;;;;;;;;;0;0;;;;
309;;Сакс 0,24л. в асс.;Напиток фруктовый Сакс 0,24л. в асс.;35;0;;0,1,1,1,1,1,1,1,1,0,1,0,0,1,0;35;;;1;;;;7;1;;;;;;1;;;740;;;;;;;;;;;;;;;;;;;;;;;;;;;;;0;0;;;;
310;;Милки газ. 0,25л. в асс.;Милки газ. 0,25л. в асс.;30;0;;0,1,1,1,1,1,1,1,1,0,1,0,0,1,0;30;;;1;;;;7;1;;;;;;1;;;738;;;;;;;;;;;;;;;;;;;;;;;;;;;;;0;0;;;;
311;;А-В Алостар 0,5л. в асс.;А-В Алостар 0,5л. в асс.;60;0;;0,1,1,1,1,1,1,1,1,0,1,0,0,1,0;60;;;1;;;;7;1;;;;;;1;;;739;;;;;;;;;;;;;;;;;;;;;;;;;;;;;0;0;;;;
1016;;Чай Липтон 1л;Чай Липтон 1л;75;0;;0,1,1,1,1,1,1,1,1,0,1,0,0,1,0;75;;;1;;;;7;1;;;;;;1;;;762;;;;;;;;;;;;;;;;;;;;;;;;;;;;;0;0;;;;
444;;Спарклинг в асс.0,25;Спарклинг в асс.0,25;35;0;;0,1,1,1,1,1,1,1,1,0,1,0,0,1,0;35;;;1;;;;7;1;;;;;;1;;;;;;;;;;;;;;;;;;;;;;;;;;;;;;;;0;0;;;;
445;;7 Ап 1,25 л;7 Ап 1,25 л;80;0;;0,1,1,1,1,1,1,1,1,0,1,0,0,1,0;80;;;1;;;;7;1;;;;;;1;;;751;;;;;;;;;;;;;;;;;;;;;;;;;;;;;0;0;;;;
909;;"Алоэ" ж\б 240 мл. в асс.;"Алоэ" ж\б 240 мл. в асс.;35;0;;0,1,1,1,1,1,1,1,1,0,1,0,0,1,0;35;;;1;;;;7;1;;;;;;1;;;756;;;;;;;;;;;;;;;;;;;;;;;;;;;;;0;0;;;;
268;;Миринда 0,33л;Миринда 0,33л;40;0;;0,1,1,1,1,1,1,1,1,0,1,0,0,1,0;40;;;1;;;;7;1;;;;;;1;;;731;;;;;;;;;;;;;;;;;;;;;;;;;;;;;0;0;;;;
446;;Милки газ 0,5 в асс.;Милки газ 0,5 в асс.;42;0;;0,1,1,1,1,1,1,1,1,0,1,0,0,1,0;42;;;1;;;;7;1;;;;;;1;;;749;;;;;;;;;;;;;;;;;;;;;;;;;;;;;0;0;;;;
157;;Пепси-кола 0,6л.;Пепси-кола 0,6л.;60;0;;0,1,1,1,1,1,1,1,1,0,1,0,0,1,0;60;;;1;;;;7;1;;;;;;1;;;716;;;;;;;;;;;;;;;;;;;;;;;;;;;;;0;0;;;;
158;;Пепси-кола 1,25л.;Пепси-кола 1,25л.;80;0;;0,1,1,1,1,1,1,1,1,0,1,0,0,1,0;80;;;1;;;;7;1;;;;;;1;;;715;;;;;;;;;;;;;;;;;;;;;;;;;;;;;0;0;;;;
159;;Чай Липтон 1,25;Чай Липтон 1,25;85;0;;0,1,1,1,1,1,1,1,1,0,1,0,0,1,0;85;;;1;;;;7;1;;;;;;1;;;745;;;;;;;;;;;;;;;;;;;;;;;;;;;;;0;0;;;;
160;;Чай Липтон 0,6л.;Чай Липтон 0,6л.;65;0;;0,1,1,1,1,1,1,1,1,0,1,0,0,1,0;65;;;1;;;;7;1;;;;;;1;;;744;;;;;;;;;;;;;;;;;;;;;;;;;;;;;0;0;;;;
161;;7 Ап 0,6;7 Ап 0,6;60;0;;0,1,1,1,1,1,1,1,1,0,1,0,0,1,0;60;;;1;;;;7;1;;;;;;1;;;728;;;;;;;;;;;;;;;;;;;;;;;;;;;;;0;0;;;;
162;;Миринда 0,6;Миринда 0,6;60;0;;0,1,1,1,1,1,1,1,1,0,1,0,0,1,0;60;;;1;;;;7;1;;;;;;1;;;729;;;;;;;;;;;;;;;;;;;;;;;;;;;;;0;0;;;;
163;;Актив в асс.;Актив в асс.;50;0;;0,1,1,1,1,1,1,1,1,0,1,0,0,1,0;50;;;1;;;;7;1;;;;;;1;;;746;;;;;;;;;;;;;;;;;;;;;;;;;;;;;0;0;;;;
164;;Аква минерале 1,25л.;Аква минерале 1,25л.;52;0;;0,1,1,1,1,1,1,1,1,0,1,0,0,1,0;52;;;1;;;;7;1;;;;;;1;;;748;;;;;;;;;;;;;;;;;;;;;;;;;;;;;0;0;;;;
165;;Аква минерале 0,6л.;Аква минерале 0,6л.;45;0;;0,1,1,1,1,1,1,1,1,0,1,0,0,1,0;45;;;1;;;;7;1;;;;;;1;;;747;;;;;;;;;;;;;;;;;;;;;;;;;;;;;0;0;;;;
166;;Фрустайл в асс.;Фрустайл в асс.;35;0;;0,1,1,1,1,1,1,1,1,0,1,0,0,1,0;35;;;1;;;;7;1;;;;;;1;;;743;;;;;;;;;;;;;;;;;;;;;;;;;;;;;0;0;;;;
167;;7 Ап 0,33л;7 Ап 0,33л;40;0;;0,1,1,1,1,1,1,1,1,0,1,0,0,1,0;40;;;1;;;;7;1;;;;;;1;;;730;;;;;;;;;;;;;;;;;;;;;;;;;;;;;0;0;;;;
168;;Пепси-кола 0,33л.;Пепси-кола 0,33л.;40;0;;0,1,1,1,1,1,1,1,1,0,1,0,0,1,0;40;;;1;;;;7;1;;;;;;1;;;717;;;;;;;;;;;;;;;;;;;;;;;;;;;;;0;0;;;;
9;;Соусы, маринады;Соусы, маринады;0;;;0,1,1,1,1,1,1,1,1,0,1,0,0,1,0;;;;1;;;;4;0;;;;;;;;;;;;;;;;;;;;;;;;;;;;;;;;;;;;;;0;0;;;;
435;;Соевый соус 0,1;Соевый соус 0,1;20;0;;0,1,1,1,1,1,1,1,1,0,1,0,0,1,0;20;;;1;;;;9;1;;;;;;1;;;201;;;;;;;;;;;;;;;;;;;;;;;;;;;;;0;0;;;;
436;;Соевый соус 0,15;Соевый соус 0,15;27;0;;0,1,1,1,1,1,1,1,1,0,1,0,0,1,0;27;;;1;;;;9;1;;;;;;1;;;202;;;;;;;;;;;;;;;;;;;;;;;;;;;;;0;0;;;;
437;;Соевый соус 0,25;Соевый соус 0,25;40;0;;0,1,1,1,1,1,1,1,1,0,1,0,0,1,0;40;;;1;;;;9;1;;;;;;1;;;203;;;;;;;;;;;;;;;;;;;;;;;;;;;;;0;0;;;;
76;;Васаби;Васаби;4;0;;0,1,1,1,1,1,1,1,1,0,1,0,0,1,0;4;;;1;;;;9;1;;;;;;1;;;3;;;;;;;;;;;;;;;;;;;;;;;;;;;;;0;0;;;;
78;;Имбирь;Имбирь;6;0;;0,1,1,1,1,1,1,1,1,0,1,0,0,1,0;6;;;1;;;;9;1;;;;;;1;;;2;;;;;;;;;;;;;;;;;;;;;;;;;;;;;0;0;;;;
99;;Соевый соус;Соевый соус;5;0;;0,1,1,1,1,1,1,1,1,0,1,0,0,1,0;5;;;1;;;;9;1;;;;;;1;;;4;;;;;;;;;;;;;;;;;;;;;;;;;;;;;0;0;;;;
1011;;Соевый соус(фирм)25 гр;Соевый соус(фирм)25 гр;10;0;;0,1,1,1,1,1,1,1,1,0,1,0,0,1,0;10;;;1;;;;9;1;;;;;;1;;;219;;;;;;;;;;;;;;;;;;;;;;;;;;;;;0;0;;;;
1012;;Соевый соус(фирм)50 гр;Соевый соус(фирм)50 гр;12;0;;0,1,1,1,1,1,1,1,1,0,1,0,0,1,0;12;;;1;;;;9;1;;;;;;1;;;200;;;;;;;;;;;;;;;;;;;;;;;;;;;;;0;0;;;;
907;;Соус "Лава" 40 гр;Соус "Лава" 40 гр;32;0;;0,1,1,1,1,1,1,1,1,0,1,0,0,1,0;32;;;1;;;;9;1;;;;;;1;;;217;;;;;;;;;;;;;;;;;;;;;;;;;;;;;0;0;;;;
908;;Соус "Унаги" 40 гр;Соус "Унаги" 40 гр;30;0;;0,1,1,1,1,1,1,1,1,0,1,0,0,1,0;30;;;1;;;;9;1;;;;;;1;;;218;;;;;;;;;;;;;;;;;;;;;;;;;;;;;0;0;;;;

$$$REPLACEASPECTREMAINS

$$$ADDBARCODES
4601201017727;50;;1;1;
4601201017765;50;;1;1;
4601201017840;50;;1;1;
4601201017994;50;;1;1;
4601201018038;50;;1;1;
4607042434877;50;;1;1;
4600494000027;157;;1;1;
4600494313165;157;;1;1;
4600494521003;157;;1;1;
4600494310072;158;;1;1;
4600494512155;159;;1;1;
4600494512179;159;;1;1;
4600494519239;159;;1;1;
4600494515781;160;;1;1;
4600494515842;160;;1;1;
4600494516962;160;;1;1;
4600494519048;160;;1;1;
4600494314162;161;;1;1;
4600494505683;162;;1;1;
4600494510601;163;;1;1;
4600494518157;163;;1;1;
4600494519420;163;;1;1;
4600494000171;164;;1;1;
4600494000409;164;;1;1;
4600494000058;165;;1;1;
4600494000393;165;;1;1;
4601201007261;166;;1;1;
4601201007292;166;;1;1;
4601201007308;166;;1;1;
4601201010490;166;;1;1;
46494542;167;;1;1;
46494139;168;;1;1;
4601201001436;170;;1;1;
4601201001443;170;;1;1;
4601201001450;170;;1;1;
4601201012739;170;;1;1;
4600494504419;250;;1;1;
4600494505713;268;;1;1;
4600494103056;282;;1;1;
4600494513893;296;;1;1;
4600494520761;297;;1;1;
4660006751700;299;;1;1;
4690498012614;300;;1;1;
2000404050012;304;;1;1;
4690498002202;307;;1;1;
8809041423685;309;;1;1;
8809041423708;309;;1;1;
8809041423722;309;;1;1;
8809041425573;309;;1;1;
8809041425719;309;;1;1;
8809041425733;309;;1;1;
884394002556;310;;1;1;
884394002792;310;;1;1;
884394002815;310;;1;1;
884394002839;310;;1;1;
884394002853;310;;1;1;
6934004611143;311;;1;1;
6934004611341;311;;1;1;
6934004611358;311;;1;1;
6934004611365;311;;1;1;
8809267230210;311;;1;1;
8809267230982;311;;1;1;
8809267231156;311;;1;1;
8809267231194;311;;1;1;
8809267231231;311;;1;1;
8809267231255;311;;1;1;
8809041423586;444;;1;1;
8809041423609;444;;1;1;
8809041423784;444;;1;1;
8809041423968;444;;1;1;
4600494308116;445;;1;1;
8884394003423;446;;1;1;

$$$ADDCCARDTYPES
1000010001;ДК на доставку(1);ДК на доставку(1);1,0,1,1;0;1;0;0;1;002;0;;1;6;1;6
1000010002;ДК на доставку(2);ДК на доставку(2);1,0,1,1;0;1;0;0;1;001;0;;1;6;1;6
1000010003;ДК на доставку(3);ДК на доставку(3);1,0,1,1;0;1;0;0;1;000;0;;1;6;1;6
1000020001;ДК в магазинах(1);ДК в магазинах(1);1,0,1,1;0;1;0;0;1;25;1;25;1;8;1;8



$$$DELETEMARKETINGACTIONSBYCODE
1000000004
1000000005
1000000006
1000000008
1000000009
1000000013
1000000014
1000000019
1000000020
1000000021
1000000022
1000000023
1000000024
1000000025
1000000032
1000000033
1000000036
1000000038
1000000040
1000000042
1000000002
1000000028
1000000030
1000000031
1000000045
1000000047
1000000049
1000000051
1000000052
1000000055
1000000056
1000000059
1000000060

$$$CHANGEMARKETINGACTIONSUNION
2;1
$$$ADDMARKETINGACTIONS
1000000004;31.12.2015;31.12.2015;;;(Неактивная)10% на рыбные роллы без ДК в магазинах (пн-чт);(Неактивная)10% на рыбные роллы без ДК в магазинах (пн-чт);0;0;;1;2
1000000005;31.12.2015;31.12.2015;;;(Неактивная)20% на рыбные роллы по ДК в магазинах (пн-чт);(Неактивная)20% на рыбные роллы по ДК в магазинах (пн-чт);0;0;;1;2
1000000006;31.12.2015;31.12.2015;;;(Неактивная)20% на группу роллов по ДК в магазинах;(Неактивная)20% на группу роллов по ДК в магазинах;0;0;;1;2
1000000008;31.12.2015;31.12.2015;;;(Неактивная)10% на группу новых роллов без ДК в магазинах;(Неактивная)10% на группу новых роллов без ДК в магазинах;0;0;;1;2
1000000009;31.12.2015;31.12.2015;;;(Неактивная)20% на группу новых роллов по ДК в магазинах;(Неактивная)20% на группу новых роллов по ДК в магазинах;0;0;;1;2
1000000013;31.12.2015;31.12.2015;;;(Неактивная)Бизнес-ланч 10 %  на все роллы без ДК, магазины;(Неактивная)Бизнес-ланч 10 %  на все роллы без ДК, магазины;0;0;;1;2
1000000014;31.12.2015;31.12.2015;;;(Неактивная)Бизнес-ланч 20 % на все роллы по ДК, магазины;(Неактивная)Бизнес-ланч 20 % на все роллы по ДК, магазины;0;0;;1;2
1000000019;31.12.2015;31.12.2015;;;(Неактивная)1. Акция Максимальная выгода (понедельник);(Неактивная)1. Акция Максимальная выгода (понедельник);0;0;;1;2
1000000020;31.12.2015;31.12.2015;;;(Неактивная)2. Акция Максимальная выгода (вторник);(Неактивная)2. Акция Максимальная выгода (вторник);0;0;;1;2
1000000021;31.12.2015;31.12.2015;;;(Неактивная)3. Акция Максимальная выгода (среда);(Неактивная)3. Акция Максимальная выгода (среда);0;0;;1;2
1000000022;31.12.2015;31.12.2015;;;(Неактивная)4. Акция Максимальная выгода (четверг);(Неактивная)4. Акция Максимальная выгода (четверг);0;0;;1;2
1000000023;31.12.2015;31.12.2015;;;(Неактивная)5. Акция Максимальная выгода (пятница);(Неактивная)5. Акция Максимальная выгода (пятница);0;0;;1;2
1000000024;31.12.2015;31.12.2015;;;(Неактивная)6. Акция Максимальная выгода (суббота);(Неактивная)6. Акция Максимальная выгода (суббота);0;0;;1;2
1000000025;31.12.2015;31.12.2015;;;(Неактивная)7. Акция Максимальная выгода (воскресенье);(Неактивная)7. Акция Максимальная выгода (воскресенье);0;0;;1;2
1000000032;31.12.2015;31.12.2015;;;(Неактивная)Акция "Ролл недели";(Неактивная)Акция "Ролл недели";0;0;;1;2
1000000033;31.12.2015;31.12.2015;;;(Неактивная)Скидка 10% по карте;(Неактивная)Скидка 10% по карте;0;0;;1;2
1000000036;31.12.2015;31.12.2015;;;(Неактивная)Акция "Ролл недели";(Неактивная)Акция "Ролл недели";0;0;;1;2
1000000038;31.12.2015;31.12.2015;;;(Неактивная)Скидка 10% по карте;(Неактивная)Скидка 10% по карте;0;0;;1;2
1000000040;31.12.2015;31.12.2015;;;(Неактивная)Акция "Ролл недели";(Неактивная)Акция "Ролл недели";0;0;;1;2
1000000042;31.12.2015;31.12.2015;;;(Неактивная)Скидка 10% по карте;(Неактивная)Скидка 10% по карте;0;0;;1;2
1000000002;25.04.2016;01.05.2016;;;Скидка 10% по карте;Скидка 10% по карте;1;0;;1;2
1000000028;01.04.2016;31.05.2016;;;Акция"Бизнес-ланч" скидка20%;Акция"Бизнес-ланч" скидка20%;1;0;;1;2
1000000030;01.04.2016;31.05.2016;;;Скидка 10% по карте;Скидка 10% по карте;1;0;;1;2
1000000031;01.04.2016;31.05.2016;;;Скидка 10% по карте;Скидка 10% по карте;1;0;;1;2
1000000045;25.04.2016;01.05.2016;;;Акция "Ролл недели";Акция "Ролл недели";1;0;;1;2
1000000047;02.05.2016;08.05.2016;;;Акция "Ролл недели";Акция "Ролл недели";1;0;;1;2
1000000049;02.05.2016;08.05.2016;;;Скидка 10% по карте;Скидка 10% по карте;1;0;;1;2
1000000051;09.05.2016;15.05.2016;;;Акция "Ролл недели";Акция "Ролл недели";1;0;;1;2
1000000052;09.05.2016;15.05.2016;;;Скидка 10% по карте;Скидка 10% по карте;1;0;;1;2
1000000055;16.05.2016;22.05.2016;;;Акция "Ролл недели";Акция "Ролл недели";1;0;;1;2
1000000056;16.05.2016;22.05.2016;;;Скидка 10% по карте;Скидка 10% по карте;1;0;;1;2
1000000059;23.05.2016;29.05.2016;;;Акция "Ролл недели";Акция "Ролл недели";1;0;;1;2
1000000060;23.05.2016;29.05.2016;;;Скидка 10% по карте;Скидка 10% по карте;1;0;;1;2

$$$ADDMARKETINGEVENTS
1000000001;1000000002;Скидка 10% по карте / 1000020001;Скидка 10% по карте;2;71•73•74•77•80•81•83•84•85•90•91•95•96•100•101•102•104•106•108•109•110•111•113•114•115•120•124•125•140•143•144•146•149•155•395•396•400•561•562•564•565•567•572•573•574•578•579•580•581•582•583•584•585•773•775•783•785•893•918•919•924•925•926•928•929•930•931•932•933•934•935•936•937•978;;10•10•10•10•10•10•10•10•10•10•10•10•10•10•10•10•10•10•10•10•10•10•10•10•10•10•10•10•10•10•10•10•10•10•10•10•10•10•10•10•10•10•10•10•10•10•10•10•10•10•10•10•10•10•10•10•10•10•10•10•10•10•10•10•10•10•10•10•10•10•10•10•10•10;
1000000002;1000000028;Акция"Бизнес-ланч" скидка20%;Акция"Бизнес-ланч" скидка20%;2;827•828•829•830•831•832•833•834•835•836•837•838•839•840•841•842•843•844•845•846•847•848•853•854•855•856•857•858•859•861•862•863•864•865•866•867•869•872•873•874•886•887•894•895•903•914•915•956•957•958•959•960•961•962•963•964•965;;20•20•20•20•20•20•20•20•20•20•20•20•20•20•20•20•20•20•20•20•20•20•20•20•20•20•20•20•20•20•20•20•20•20•20•20•20•20•20•20•20•20•20•20•20•20•20•20•20•20•20•20•20•20•20•20•20;
1000000003;1000000030;Скидка 10% по карте / 1000020001;Скидка 10% по карте;2;827•828•829•830•831•832•833•834•835•836•837•838•839•840•841•842•843•844•845•846•847•848•853•854•855•856•857•858•859•861•862•863•864•865•866•867•869•872•873•874•886•887•894•895•903•914•915•956•957•958•959•960•961•962•963•964•965;;10•10•10•10•10•10•10•10•10•10•10•10•10•10•10•10•10•10•10•10•10•10•10•10•10•10•10•10•10•10•10•10•10•10•10•10•10•10•10•10•10•10•10•10•10•10•10•10•10•10•10•10•10•10•10•10•10;
1000000004;1000000031;Скидка 10% по карте / 1000020001;Скидка 10% по карте;2;827•828•829•830•831•832•833•834•835•836•837•838•839•840•841•842•843•844•845•846•847•848•853•854•855•856•857•858•859•861•862•863•864•865•866•867•869•872•873•874•886•887•894•895•903•914•915•956•957•958•959•960•961•962•963•964•965;;10•10•10•10•10•10•10•10•10•10•10•10•10•10•10•10•10•10•10•10•10•10•10•10•10•10•10•10•10•10•10•10•10•10•10•10•10•10•10•10•10•10•10•10•10•10•10•10•10•10•10•10•10•10•10•10•10;
1000000005;1000000045;Акция "Ролл недели";Акция "Ролл недели";2;776;;28,57;
1000000006;1000000047;Акция "Ролл недели";Акция "Ролл недели";2;125;;30;
1000000007;1000000049;Скидка 10% по карте / 1000020001;Скидка 10% по карте;2;71•73•74•77•80•81•83•84•85•90•91•95•96•100•101•102•104•106•108•109•110•111•113•114•115•120•124•140•143•144•146•149•155•395•396•400•561•562•564•565•567•572•573•574•578•579•580•581•582•583•584•585•773•775•776•783•785•893•918•919•924•925•926•928•929•930•931•932•933•934•935•936•937•978;;10•10•10•10•10•10•10•10•10•10•10•10•10•10•10•10•10•10•10•10•10•10•10•10•10•10•10•10•10•10•10•10•10•10•10•10•10•10•10•10•10•10•10•10•10•10•10•10•10•10•10•10•10•10•10•10•10•10•10•10•10•10•10•10•10•10•10•10•10•10•10•10•10•10;
1000000008;1000000051;Акция "Ролл недели";Акция "Ролл недели";2;140;;27,27;
1000000009;1000000052;Скидка 10% по карте / 1000020001;Скидка 10% по карте;2;71•73•74•77•80•81•83•84•85•90•91•95•96•100•101•102•104•106•108•109•110•111•113•114•115•120•124•125•143•144•146•149•155•395•396•400•561•562•564•565•567•572•573•574•578•579•580•581•582•583•584•585•773•775•776•783•785•893•918•919•924•925•926•928•929•930•931•932•933•934•935•936•937•978;;10•10•10•10•10•10•10•10•10•10•10•10•10•10•10•10•10•10•10•10•10•10•10•10•10•10•10•10•10•10•10•10•10•10•10•10•10•10•10•10•10•10•10•10•10•10•10•10•10•10•10•10•10•10•10•10•10•10•10•10•10•10•10•10•10•10•10•10•10•10•10•10•10•10;
1000000010;1000000055;Акция "Ролл недели";Акция "Ролл недели";2;926;;28,95;
1000000011;1000000056;Скидка 10% по карте / 1000020001;Скидка 10% по карте;2;71•73•74•77•80•81•83•84•85•90•91•95•96•100•101•102•104•106•108•109•110•111•113•114•115•120•124•125•140•143•144•146•149•155•395•396•400•561•562•564•565•567•572•573•574•578•579•580•581•582•583•584•585•773•775•776•783•785•893•918•919•924•925•928•929•930•931•932•933•934•935•936•937•978;;10•10•10•10•10•10•10•10•10•10•10•10•10•10•10•10•10•10•10•10•10•10•10•10•10•10•10•10•10•10•10•10•10•10•10•10•10•10•10•10•10•10•10•10•10•10•10•10•10•10•10•10•10•10•10•10•10•10•10•10•10•10•10•10•10•10•10•10•10•10•10•10•10•10;
1000000012;1000000059;Акция "Ролл недели";Акция "Ролл недели";2;91;;28,13;
1000000013;1000000060;Скидка 10% по карте / 1000020001;Скидка 10% по карте;2;71•73•74•77•80•81•83•84•85•90•95•96•100•101•102•104•106•108•109•110•111•113•114•115•120•124•125•140•143•144•146•149•155•395•396•400•561•562•564•565•567•572•573•574•578•579•580•581•582•583•584•585•773•775•776•783•785•893•918•919•924•925•926•928•929•930•931•932•933•934•935•936•937•978;;10•10•10•10•10•10•10•10•10•10•10•10•10•10•10•10•10•10•10•10•10•10•10•10•10•10•10•10•10•10•10•10•10•10•10•10•10•10•10•10•10•10•10•10•10•10•10•10•10•10•10•10•10•10•10•10•10•10•10•10•10•10•10•10•10•10•10•10•10•10•10•10•10•10;

$$$ADDMARKETINGCONDITIONS
1000000001;17;1000020001
1000000002;6;12:00:00;16:00:00
1000000002;7;1,1,1,1,1,0,0
1000000003;17;1000020001
1000000003;6;16:00:00;12:00:00
1000000003;7;1,1,1,1,1,0,0
1000000004;17;1000020001
1000000004;7;0,0,0,0,0,1,1
1000000007;17;1000020001
1000000009;17;1000020001
1000000011;17;1000020001
1000000013;17;1000020001



